Vertex Count: 1200

Data:

1.11497 3.69744 0.837613 0.05 0.9 0.26987 -0.942723 0.196072
0.573155 3.53665 0.443963 0.05 0.95 0.162096 -0.979722 0.117769
0.670683 3.53665 0.252555 0 0.95 0.190555 -0.979722 0.061915
0.814902 3.69744 1.13768 0.1 0.9 0.196072 -0.942723 0.26987
0.421253 3.53665 0.595866 0.1 0.95 0.117769 -0.979722 0.162096
0.573155 3.53665 0.443963 0.05 0.95 0.162096 -0.979722 0.117769
0.436798 3.69744 1.33033 0.15 0.9 0.103081 -0.942722 0.317252
0.229844 3.53665 0.693394 0.15 0.95 0.061915 -0.979722 0.190555
0.421253 3.53665 0.595866 0.1 0.95 0.117769 -0.979722 0.162096
0.017666 3.69744 1.39672 0.2 0.9 -0 -0.942722 0.333578
0.017666 3.53665 0.726999 0.2 0.95 -0 -0.979722 0.200361
0.229844 3.53665 0.693394 0.15 0.95 0.061915 -0.979722 0.190555
-0.401466 3.69744 1.33033 0.25 0.9 -0.103081 -0.942722 0.317252
-0.194512 3.53665 0.693394 0.25 0.95 -0.061915 -0.979722 0.190555
0.017666 3.53665 0.726999 0.2 0.95 -0 -0.979722 0.200361
-0.77957 3.69744 1.13768 0.3 0.9 -0.196072 -0.942722 0.269871
-0.385921 3.53665 0.595866 0.3 0.95 -0.11777 -0.979722 0.162096
-0.194512 3.53665 0.693394 0.25 0.95 -0.061915 -0.979722 0.190555
-1.07964 3.69744 0.837612 0.35 0.9 -0.26987 -0.942722 0.196072
-0.537823 3.53665 0.443963 0.35 0.95 -0.162096 -0.979722 0.11777
-0.385921 3.53665 0.595866 0.3 0.95 -0.11777 -0.979722 0.162096
-1.27229 3.69744 0.459508 0.4 0.9 -0.317252 -0.942723 0.103081
-0.635351 3.53665 0.252555 0.4 0.95 -0.190555 -0.979722 0.061915
-0.537823 3.53665 0.443963 0.35 0.95 -0.162096 -0.979722 0.11777
-1.33867 3.69744 0.040377 0.45 0.9 -0.333578 -0.942722 -0
-0.668957 3.53665 0.040377 0.45 0.95 -0.200361 -0.979722 -0
-0.635351 3.53665 0.252555 0.4 0.95 -0.190555 -0.979722 0.061915
-1.27229 3.69744 -0.378755 0.5 0.9 -0.317252 -0.942722 -0.103081
-0.635351 3.53665 -0.171801 0.5 0.95 -0.190555 -0.979722 -0.061915
-0.668957 3.53665 0.040377 0.45 0.95 -0.200361 -0.979722 -0
-1.07964 3.69744 -0.756859 0.55 0.9 -0.26987 -0.942722 -0.196072
-0.537823 3.53665 -0.36321 0.55 0.95 -0.162096 -0.979722 -0.117769
-0.635351 3.53665 -0.171801 0.5 0.95 -0.190555 -0.979722 -0.061915
-0.77957 3.69744 -1.05692 0.6 0.9 -0.196072 -0.942723 -0.26987
-0.385921 3.53665 -0.515112 0.6 0.95 -0.11777 -0.979722 -0.162096
-0.537823 3.53665 -0.36321 0.55 0.95 -0.162096 -0.979722 -0.117769
-0.401466 3.69744 -1.24958 0.65 0.9 -0.103081 -0.942722 -0.317252
-0.194512 3.53665 -0.61264 0.65 0.95 -0.061915 -0.979722 -0.190555
-0.385921 3.53665 -0.515112 0.6 0.95 -0.11777 -0.979722 -0.162096
0.017666 3.69744 -1.31596 0.7 0.9 0 -0.942722 -0.333578
0.017666 3.53665 -0.646246 0.7 0.95 0 -0.979722 -0.200362
-0.194512 3.53665 -0.61264 0.65 0.95 -0.061915 -0.979722 -0.190555
0.436797 3.69744 -1.24958 0.75 0.9 0.103081 -0.942722 -0.317252
0.229844 3.53665 -0.61264 0.75 0.95 0.061915 -0.979722 -0.190555
0.017666 3.53665 -0.646246 0.7 0.95 0 -0.979722 -0.200362
0.814901 3.69744 -1.05692 0.8 0.9 0.196072 -0.942722 -0.26987
0.421252 3.53665 -0.515112 0.8 0.95 0.11777 -0.979722 -0.162096
0.229844 3.53665 -0.61264 0.75 0.95 0.061915 -0.979722 -0.190555
1.11497 3.69744 -0.756859 0.85 0.9 0.26987 -0.942722 -0.196072
0.573155 3.53665 -0.36321 0.85 0.95 0.162096 -0.979722 -0.117769
0.421252 3.53665 -0.515112 0.8 0.95 0.11777 -0.979722 -0.162096
1.30762 3.69744 -0.378755 0.9 0.9 0.317252 -0.942722 -0.103081
0.670683 3.53665 -0.171801 0.9 0.95 0.190555 -0.979722 -0.061915
0.573155 3.53665 -0.36321 0.85 0.95 0.162096 -0.979722 -0.117769
1.374 3.69744 0.040377 0.95 0.9 0.333578 -0.942722 -0
0.704288 3.53665 0.040377 0.95 0.95 0.200361 -0.979722 0
0.670683 3.53665 -0.171801 0.9 0.95 0.190555 -0.979722 -0.061915
1.30762 3.69744 0.459508 1 0.9 0.317252 -0.942722 0.103081
0.670683 3.53665 0.252555 1 0.95 0.190555 -0.979722 0.061915
0.704288 3.53665 0.040377 0.95 0.95 0.200361 -0.979722 0
1.62976 3.96101 1.21163 0.05 0.85 0.380846 -0.882266 0.276701
1.11497 3.69744 0.837613 0.05 0.9 0.26987 -0.942723 0.196072
1.30762 3.69744 0.459508 0 0.9 0.317252 -0.942722 0.103081
1.18892 3.96101 1.65247 0.1 0.85 0.276701 -0.882266 0.380846
0.814902 3.69744 1.13768 0.1 0.9 0.196072 -0.942723 0.26987
1.11497 3.69744 0.837613 0.05 0.9 0.26987 -0.942723 0.196072
0.633431 3.96101 1.93551 0.15 0.85 0.14547 -0.882266 0.447711
0.436798 3.69744 1.33033 0.15 0.9 0.103081 -0.942722 0.317252
0.814902 3.69744 1.13768 0.1 0.9 0.196072 -0.942723 0.26987
0.017666 3.96101 2.03303 0.2 0.85 -0 -0.882266 0.470752
0.017666 3.69744 1.39672 0.2 0.9 -0 -0.942722 0.333578
0.436798 3.69744 1.33033 0.15 0.9 0.103081 -0.942722 0.317252
-0.598099 3.96101 1.93551 0.25 0.85 -0.14547 -0.882266 0.447712
-0.401466 3.69744 1.33033 0.25 0.9 -0.103081 -0.942722 0.317252
0.017666 3.69744 1.39672 0.2 0.9 -0 -0.942722 0.333578
-1.15359 3.96101 1.65247 0.3 0.85 -0.276701 -0.882266 0.380846
-0.77957 3.69744 1.13768 0.3 0.9 -0.196072 -0.942722 0.269871
-0.401466 3.69744 1.33033 0.25 0.9 -0.103081 -0.942722 0.317252
-1.59443 3.96101 1.21163 0.35 0.85 -0.380846 -0.882266 0.276701
-1.07964 3.69744 0.837612 0.35 0.9 -0.26987 -0.942722 0.196072
-0.77957 3.69744 1.13768 0.3 0.9 -0.196072 -0.942722 0.269871
-1.87746 3.96101 0.656141 0.4 0.85 -0.447712 -0.882266 0.14547
-1.27229 3.69744 0.459508 0.4 0.9 -0.317252 -0.942723 0.103081
-1.07964 3.69744 0.837612 0.35 0.9 -0.26987 -0.942722 0.196072
-1.97499 3.96101 0.040377 0.45 0.85 -0.470752 -0.882266 -0
-1.33867 3.69744 0.040377 0.45 0.9 -0.333578 -0.942722 -0
-1.27229 3.69744 0.459508 0.4 0.9 -0.317252 -0.942723 0.103081
-1.87746 3.96101 -0.575388 0.5 0.85 -0.447712 -0.882266 -0.145471
-1.27229 3.69744 -0.378755 0.5 0.9 -0.317252 -0.942722 -0.103081
-1.33867 3.69744 0.040377 0.45 0.9 -0.333578 -0.942722 -0
-1.59443 3.96101 -1.13088 0.55 0.85 -0.380846 -0.882266 -0.276701
-1.07964 3.69744 -0.756859 0.55 0.9 -0.26987 -0.942722 -0.196072
-1.27229 3.69744 -0.378755 0.5 0.9 -0.317252 -0.942722 -0.103081
-1.15359 3.96101 -1.57172 0.6 0.85 -0.276701 -0.882266 -0.380846
-0.77957 3.69744 -1.05692 0.6 0.9 -0.196072 -0.942723 -0.26987
-1.07964 3.69744 -0.756859 0.55 0.9 -0.26987 -0.942722 -0.196072
-0.598099 3.96101 -1.85475 0.65 0.85 -0.14547 -0.882266 -0.447712
-0.401466 3.69744 -1.24958 0.65 0.9 -0.103081 -0.942722 -0.317252
-0.77957 3.69744 -1.05692 0.6 0.9 -0.196072 -0.942723 -0.26987
0.017666 3.96101 -1.95228 0.7 0.85 0 -0.882266 -0.470752
0.017666 3.69744 -1.31596 0.7 0.9 0 -0.942722 -0.333578
-0.401466 3.69744 -1.24958 0.65 0.9 -0.103081 -0.942722 -0.317252
0.63343 3.96101 -1.85475 0.75 0.85 0.14547 -0.882266 -0.447712
0.436797 3.69744 -1.24958 0.75 0.9 0.103081 -0.942722 -0.317252
0.017666 3.69744 -1.31596 0.7 0.9 0 -0.942722 -0.333578
1.18892 3.96101 -1.57171 0.8 0.85 0.276701 -0.882266 -0.380846
0.814901 3.69744 -1.05692 0.8 0.9 0.196072 -0.942722 -0.26987
0.436797 3.69744 -1.24958 0.75 0.9 0.103081 -0.942722 -0.317252
1.62976 3.96101 -1.13088 0.85 0.85 0.380846 -0.882266 -0.276701
1.11497 3.69744 -0.756859 0.85 0.9 0.26987 -0.942722 -0.196072
0.814901 3.69744 -1.05692 0.8 0.9 0.196072 -0.942722 -0.26987
1.91279 3.96101 -0.575388 0.9 0.85 0.447712 -0.882266 -0.14547
1.30762 3.69744 -0.378755 0.9 0.9 0.317252 -0.942722 -0.103081
1.11497 3.69744 -0.756859 0.85 0.9 0.26987 -0.942722 -0.196072
2.01032 3.96101 0.040377 0.95 0.85 0.470752 -0.882266 -0
1.374 3.69744 0.040377 0.95 0.9 0.333578 -0.942722 -0
1.30762 3.69744 -0.378755 0.9 0.9 0.317252 -0.942722 -0.103081
1.91279 3.96101 0.656142 1 0.85 0.447712 -0.882266 0.14547
1.30762 3.69744 0.459508 1 0.9 0.317252 -0.942722 0.103081
1.374 3.69744 0.040377 0.95 0.9 0.333578 -0.942722 -0
2.10486 4.32088 1.55681 0.05 0.8 0.485138 -0.800252 0.352474
1.62976 3.96101 1.21163 0.05 0.85 0.380846 -0.882266 0.276701
1.91279 3.96101 0.656142 0 0.85 0.447712 -0.882266 0.14547
1.5341 4.32088 2.12757 0.1 0.8 0.352474 -0.800252 0.485138
1.18892 3.96101 1.65247 0.1 0.85 0.276701 -0.882266 0.380846
1.62976 3.96101 1.21163 0.05 0.85 0.380846 -0.882266 0.276701
0.814902 4.32088 2.49402 0.15 0.8 0.185306 -0.800252 0.570314
0.633431 3.96101 1.93551 0.15 0.85 0.14547 -0.882266 0.447711
1.18892 3.96101 1.65247 0.1 0.85 0.276701 -0.882266 0.380846
0.017666 4.32088 2.62029 0.2 0.8 -0 -0.800252 0.599664
0.017666 3.96101 2.03303 0.2 0.85 -0 -0.882266 0.470752
0.633431 3.96101 1.93551 0.15 0.85 0.14547 -0.882266 0.447711
-0.77957 4.32088 2.49402 0.25 0.8 -0.185307 -0.800252 0.570314
-0.598099 3.96101 1.93551 0.25 0.85 -0.14547 -0.882266 0.447712
0.017666 3.96101 2.03303 0.2 0.85 -0 -0.882266 0.470752
-1.49877 4.32088 2.12757 0.3 0.8 -0.352474 -0.800252 0.485138
-1.15359 3.96101 1.65247 0.3 0.85 -0.276701 -0.882266 0.380846
-0.598099 3.96101 1.93551 0.25 0.85 -0.14547 -0.882266 0.447712
-2.06952 4.32088 1.55681 0.35 0.8 -0.485139 -0.800252 0.352474
-1.59443 3.96101 1.21163 0.35 0.85 -0.380846 -0.882266 0.276701
-1.15359 3.96101 1.65247 0.3 0.85 -0.276701 -0.882266 0.380846
-2.43597 4.32088 0.837612 0.4 0.8 -0.570315 -0.800252 0.185306
-1.87746 3.96101 0.656141 0.4 0.85 -0.447712 -0.882266 0.14547
-1.59443 3.96101 1.21163 0.35 0.85 -0.380846 -0.882266 0.276701
-2.56224 4.32088 0.040377 0.45 0.8 -0.599664 -0.800252 -0
-1.97499 3.96101 0.040377 0.45 0.85 -0.470752 -0.882266 -0
-1.87746 3.96101 0.656141 0.4 0.85 -0.447712 -0.882266 0.14547
-2.43597 4.32088 -0.756859 0.5 0.8 -0.570314 -0.800252 -0.185307
-1.87746 3.96101 -0.575388 0.5 0.85 -0.447712 -0.882266 -0.145471
-1.97499 3.96101 0.040377 0.45 0.85 -0.470752 -0.882266 -0
-2.06952 4.32088 -1.47606 0.55 0.8 -0.485138 -0.800252 -0.352474
-1.59443 3.96101 -1.13088 0.55 0.85 -0.380846 -0.882266 -0.276701
-1.87746 3.96101 -0.575388 0.5 0.85 -0.447712 -0.882266 -0.145471
-1.49877 4.32088 -2.04681 0.6 0.8 -0.352474 -0.800252 -0.485139
-1.15359 3.96101 -1.57172 0.6 0.85 -0.276701 -0.882266 -0.380846
-1.59443 3.96101 -1.13088 0.55 0.85 -0.380846 -0.882266 -0.276701
-0.77957 4.32088 -2.41326 0.65 0.8 -0.185306 -0.800252 -0.570315
-0.598099 3.96101 -1.85475 0.65 0.85 -0.14547 -0.882266 -0.447712
-1.15359 3.96101 -1.57172 0.6 0.85 -0.276701 -0.882266 -0.380846
0.017666 4.32088 -2.53953 0.7 0.8 0 -0.800252 -0.599664
0.017666 3.96101 -1.95228 0.7 0.85 0 -0.882266 -0.470752
-0.598099 3.96101 -1.85475 0.65 0.85 -0.14547 -0.882266 -0.447712
0.814901 4.32088 -2.41326 0.75 0.8 0.185306 -0.800252 -0.570315
0.63343 3.96101 -1.85475 0.75 0.85 0.14547 -0.882266 -0.447712
0.017666 3.96101 -1.95228 0.7 0.85 0 -0.882266 -0.470752
1.5341 4.32088 -2.04681 0.8 0.8 0.352474 -0.800252 -0.485139
1.18892 3.96101 -1.57171 0.8 0.85 0.276701 -0.882266 -0.380846
0.63343 3.96101 -1.85475 0.75 0.85 0.14547 -0.882266 -0.447712
2.10486 4.32088 -1.47606 0.85 0.8 0.485139 -0.800252 -0.352474
1.62976 3.96101 -1.13088 0.85 0.85 0.380846 -0.882266 -0.276701
1.18892 3.96101 -1.57171 0.8 0.85 0.276701 -0.882266 -0.380846
2.4713 4.32088 -0.756858 0.9 0.8 0.570315 -0.800252 -0.185306
1.91279 3.96101 -0.575388 0.9 0.85 0.447712 -0.882266 -0.14547
1.62976 3.96101 -1.13088 0.85 0.85 0.380846 -0.882266 -0.276701
2.59757 4.32088 0.040377 0.95 0.8 0.599664 -0.800252 -1e-006
2.01032 3.96101 0.040377 0.95 0.85 0.470752 -0.882266 -0
1.91279 3.96101 -0.575388 0.9 0.85 0.447712 -0.882266 -0.14547
2.4713 4.32088 0.837613 1 0.8 0.570315 -0.800252 0.185306
1.91279 3.96101 0.656142 1 0.85 0.447712 -0.882266 0.14547
2.01032 3.96101 0.040377 0.95 0.85 0.470752 -0.882266 -0
2.52856 4.76819 1.86465 0.05 0.75 0.578713 -0.698789 0.420459
2.10486 4.32088 1.55681 0.05 0.8 0.485138 -0.800252 0.352474
2.4713 4.32088 0.837613 0 0.8 0.570315 -0.800252 0.185306
1.84194 4.76819 2.55127 0.1 0.75 0.420459 -0.698789 0.578713
1.5341 4.32088 2.12757 0.1 0.8 0.352474 -0.800252 0.485138
2.10486 4.32088 1.55681 0.05 0.8 0.485138 -0.800252 0.352474
0.976742 4.76819 2.99211 0.15 0.75 0.221048 -0.698789 0.680318
0.814902 4.32088 2.49402 0.15 0.8 0.185306 -0.800252 0.570314
1.5341 4.32088 2.12757 0.1 0.8 0.352474 -0.800252 0.485138
0.017666 4.76819 3.14401 0.2 0.75 -0 -0.698789 0.715328
0.017666 4.32088 2.62029 0.2 0.8 -0 -0.800252 0.599664
0.814902 4.32088 2.49402 0.15 0.8 0.185306 -0.800252 0.570314
-0.94141 4.76819 2.99211 0.25 0.75 -0.221049 -0.698789 0.680318
-0.77957 4.32088 2.49402 0.25 0.8 -0.185307 -0.800252 0.570314
0.017666 4.32088 2.62029 0.2 0.8 -0 -0.800252 0.599664
-1.8066 4.76819 2.55127 0.3 0.75 -0.42046 -0.698788 0.578713
-1.49877 4.32088 2.12757 0.3 0.8 -0.352474 -0.800252 0.485138
-0.77957 4.32088 2.49402 0.25 0.8 -0.185307 -0.800252 0.570314
-2.49323 4.76819 1.86465 0.35 0.75 -0.578713 -0.698789 0.420459
-2.06952 4.32088 1.55681 0.35 0.8 -0.485139 -0.800252 0.352474
-1.49877 4.32088 2.12757 0.3 0.8 -0.352474 -0.800252 0.485138
-2.93407 4.76819 0.999452 0.4 0.75 -0.680318 -0.698789 0.221048
-2.43597 4.32088 0.837612 0.4 0.8 -0.570315 -0.800252 0.185306
-2.06952 4.32088 1.55681 0.35 0.8 -0.485139 -0.800252 0.352474
-3.08597 4.76819 0.040377 0.45 0.75 -0.715328 -0.698789 -0
-2.56224 4.32088 0.040377 0.45 0.8 -0.599664 -0.800252 -0
-2.43597 4.32088 0.837612 0.4 0.8 -0.570315 -0.800252 0.185306
-2.93407 4.76819 -0.918699 0.5 0.75 -0.680318 -0.698789 -0.221049
-2.43597 4.32088 -0.756859 0.5 0.8 -0.570314 -0.800252 -0.185307
-2.56224 4.32088 0.040377 0.45 0.8 -0.599664 -0.800252 -0
-2.49323 4.76819 -1.78389 0.55 0.75 -0.578713 -0.698789 -0.42046
-2.06952 4.32088 -1.47606 0.55 0.8 -0.485138 -0.800252 -0.352474
-2.43597 4.32088 -0.756859 0.5 0.8 -0.570314 -0.800252 -0.185307
-1.8066 4.76819 -2.47052 0.6 0.75 -0.420459 -0.698788 -0.578713
-1.49877 4.32088 -2.04681 0.6 0.8 -0.352474 -0.800252 -0.485139
-2.06952 4.32088 -1.47606 0.55 0.8 -0.485138 -0.800252 -0.352474
-0.94141 4.76819 -2.91135 0.65 0.75 -0.221049 -0.698788 -0.680318
-0.77957 4.32088 -2.41326 0.65 0.8 -0.185306 -0.800252 -0.570315
-1.49877 4.32088 -2.04681 0.6 0.8 -0.352474 -0.800252 -0.485139
0.017666 4.76819 -3.06326 0.7 0.75 0 -0.698788 -0.715328
0.017666 4.32088 -2.53953 0.7 0.8 0 -0.800252 -0.599664
-0.77957 4.32088 -2.41326 0.65 0.8 -0.185306 -0.800252 -0.570315
0.976741 4.76819 -2.91135 0.75 0.75 0.221049 -0.698789 -0.680318
0.814901 4.32088 -2.41326 0.75 0.8 0.185306 -0.800252 -0.570315
0.017666 4.32088 -2.53953 0.7 0.8 0 -0.800252 -0.599664
1.84194 4.76819 -2.47052 0.8 0.75 0.42046 -0.698788 -0.578713
1.5341 4.32088 -2.04681 0.8 0.8 0.352474 -0.800252 -0.485139
0.814901 4.32088 -2.41326 0.75 0.8 0.185306 -0.800252 -0.570315
2.52856 4.76819 -1.78389 0.85 0.75 0.578713 -0.698788 -0.42046
2.10486 4.32088 -1.47606 0.85 0.8 0.485139 -0.800252 -0.352474
1.5341 4.32088 -2.04681 0.8 0.8 0.352474 -0.800252 -0.485139
2.9694 4.76819 -0.918699 0.9 0.75 0.680318 -0.698788 -0.221049
2.4713 4.32088 -0.756858 0.9 0.8 0.570315 -0.800252 -0.185306
2.10486 4.32088 -1.47606 0.85 0.8 0.485139 -0.800252 -0.352474
3.1213 4.76819 0.040377 0.95 0.75 0.715328 -0.698788 -1e-006
2.59757 4.32088 0.040377 0.95 0.8 0.599664 -0.800252 -1e-006
2.4713 4.32088 -0.756858 0.9 0.8 0.570315 -0.800252 -0.185306
2.9694 4.76819 0.999453 1 0.75 0.680318 -0.698789 0.221048
2.4713 4.32088 0.837613 1 0.8 0.570315 -0.800252 0.185306
2.59757 4.32088 0.040377 0.95 0.8 0.599664 -0.800252 -1e-006
2.89044 5.29191 2.12757 0.05 0.7 0.658808 -0.580401 0.478652
2.52856 4.76819 1.86465 0.05 0.75 0.578713 -0.698789 0.420459
2.9694 4.76819 0.999453 0 0.75 0.680318 -0.698789 0.221048
2.10486 5.29191 2.91315 0.1 0.7 0.478652 -0.580401 0.658808
1.84194 4.76819 2.55127 0.1 0.75 0.420459 -0.698789 0.578713
2.52856 4.76819 1.86465 0.05 0.75 0.578713 -0.698789 0.420459
1.11497 5.29191 3.41752 0.15 0.7 0.251642 -0.580401 0.774475
0.976742 4.76819 2.99211 0.15 0.75 0.221048 -0.698789 0.680318
1.84194 4.76819 2.55127 0.1 0.75 0.420459 -0.698789 0.578713
0.017666 5.29191 3.59132 0.2 0.7 0 -0.580401 0.814331
0.017666 4.76819 3.14401 0.2 0.75 -0 -0.698789 0.715328
0.976742 4.76819 2.99211 0.15 0.75 0.221048 -0.698789 0.680318
-1.07964 5.29191 3.41752 0.25 0.7 -0.251642 -0.580401 0.774475
-0.94141 4.76819 2.99211 0.25 0.75 -0.221049 -0.698789 0.680318
0.017666 4.76819 3.14401 0.2 0.75 -0 -0.698789 0.715328
-2.06952 5.29191 2.91315 0.3 0.7 -0.478652 -0.580401 0.658808
-1.8066 4.76819 2.55127 0.3 0.75 -0.42046 -0.698788 0.578713
-0.94141 4.76819 2.99211 0.25 0.75 -0.221049 -0.698789 0.680318
-2.8551 5.29191 2.12757 0.35 0.7 -0.658808 -0.580401 0.478652
-2.49323 4.76819 1.86465 0.35 0.75 -0.578713 -0.698789 0.420459
-1.8066 4.76819 2.55127 0.3 0.75 -0.42046 -0.698788 0.578713
-3.35948 5.29191 1.13768 0.4 0.7 -0.774475 -0.580401 0.251642
-2.93407 4.76819 0.999452 0.4 0.75 -0.680318 -0.698789 0.221048
-2.49323 4.76819 1.86465 0.35 0.75 -0.578713 -0.698789 0.420459
-3.53327 5.29191 0.040377 0.45 0.7 -0.814331 -0.580401 -0
-3.08597 4.76819 0.040377 0.45 0.75 -0.715328 -0.698789 -0
-2.93407 4.76819 0.999452 0.4 0.75 -0.680318 -0.698789 0.221048
-3.35948 5.29191 -1.05692 0.5 0.7 -0.774475 -0.580401 -0.251642
-2.93407 4.76819 -0.918699 0.5 0.75 -0.680318 -0.698789 -0.221049
-3.08597 4.76819 0.040377 0.45 0.75 -0.715328 -0.698789 -0
-2.8551 5.29191 -2.04681 0.55 0.7 -0.658808 -0.580401 -0.478652
-2.49323 4.76819 -1.78389 0.55 0.75 -0.578713 -0.698789 -0.42046
-2.93407 4.76819 -0.918699 0.5 0.75 -0.680318 -0.698789 -0.221049
-2.06952 5.29191 -2.83239 0.6 0.7 -0.478652 -0.580401 -0.658808
-1.8066 4.76819 -2.47052 0.6 0.75 -0.420459 -0.698788 -0.578713
-2.49323 4.76819 -1.78389 0.55 0.75 -0.578713 -0.698789 -0.42046
-1.07964 5.29191 -3.33677 0.65 0.7 -0.251642 -0.580401 -0.774475
-0.94141 4.76819 -2.91135 0.65 0.75 -0.221049 -0.698788 -0.680318
-1.8066 4.76819 -2.47052 0.6 0.75 -0.420459 -0.698788 -0.578713
0.017666 5.29191 -3.51056 0.7 0.7 0 -0.580401 -0.814331
0.017666 4.76819 -3.06326 0.7 0.75 0 -0.698788 -0.715328
-0.94141 4.76819 -2.91135 0.65 0.75 -0.221049 -0.698788 -0.680318
1.11497 5.29191 -3.33677 0.75 0.7 0.251642 -0.580401 -0.774475
0.976741 4.76819 -2.91135 0.75 0.75 0.221049 -0.698789 -0.680318
0.017666 4.76819 -3.06326 0.7 0.75 0 -0.698788 -0.715328
2.10486 5.29191 -2.83239 0.8 0.7 0.478652 -0.580401 -0.658808
1.84194 4.76819 -2.47052 0.8 0.75 0.42046 -0.698788 -0.578713
0.976741 4.76819 -2.91135 0.75 0.75 0.221049 -0.698789 -0.680318
2.89043 5.29191 -2.04681 0.85 0.7 0.658808 -0.580401 -0.478652
2.52856 4.76819 -1.78389 0.85 0.75 0.578713 -0.698788 -0.42046
1.84194 4.76819 -2.47052 0.8 0.75 0.42046 -0.698788 -0.578713
3.39481 5.29191 -1.05692 0.9 0.7 0.774475 -0.580401 -0.251642
2.9694 4.76819 -0.918699 0.9 0.75 0.680318 -0.698788 -0.221049
2.52856 4.76819 -1.78389 0.85 0.75 0.578713 -0.698788 -0.42046
3.5686 5.29191 0.040377 0.95 0.7 0.814331 -0.580401 -1e-006
3.1213 4.76819 0.040377 0.95 0.75 0.715328 -0.698788 -1e-006
2.9694 4.76819 -0.918699 0.9 0.75 0.680318 -0.698788 -0.221049
3.39481 5.29191 1.13768 1 0.7 0.774475 -0.580401 0.251641
2.9694 4.76819 0.999453 1 0.75 0.680318 -0.698789 0.221048
3.1213 4.76819 0.040377 0.95 0.75 0.715328 -0.698788 -1e-006
3.18158 5.87916 2.33909 0.05 0.65 0.723291 -0.447994 0.525502
2.89044 5.29191 2.12757 0.05 0.7 0.658808 -0.580401 0.478652
3.39481 5.29191 1.13768 0 0.7 0.774475 -0.580401 0.251641
2.31638 5.87916 3.20429 0.1 0.65 0.525501 -0.447994 0.723291
2.10486 5.29191 2.91315 0.1 0.7 0.478652 -0.580401 0.658808
2.89044 5.29191 2.12757 0.05 0.7 0.658808 -0.580401 0.478652
1.22617 5.87916 3.75978 0.15 0.65 0.276272 -0.447994 0.85028
1.11497 5.29191 3.41752 0.15 0.7 0.251642 -0.580401 0.774475
2.10486 5.29191 2.91315 0.1 0.7 0.478652 -0.580401 0.658808
0.017666 5.87916 3.95118 0.2 0.65 0 -0.447994 0.894037
0.017666 5.29191 3.59132 0.2 0.7 0 -0.580401 0.814331
1.11497 5.29191 3.41752 0.15 0.7 0.251642 -0.580401 0.774475
-1.19084 5.87916 3.75978 0.25 0.65 -0.276273 -0.447994 0.850279
-1.07964 5.29191 3.41752 0.25 0.7 -0.251642 -0.580401 0.774475
0.017666 5.29191 3.59132 0.2 0.7 0 -0.580401 0.814331
-2.28105 5.87916 3.20429 0.3 0.65 -0.525502 -0.447994 0.723291
-2.06952 5.29191 2.91315 0.3 0.7 -0.478652 -0.580401 0.658808
-1.07964 5.29191 3.41752 0.25 0.7 -0.251642 -0.580401 0.774475
-3.14624 5.87916 2.33909 0.35 0.65 -0.723291 -0.447994 0.525501
-2.8551 5.29191 2.12757 0.35 0.7 -0.658808 -0.580401 0.478652
-2.06952 5.29191 2.91315 0.3 0.7 -0.478652 -0.580401 0.658808
-3.70173 5.87916 1.24888 0.4 0.65 -0.85028 -0.447994 0.276272
-3.35948 5.29191 1.13768 0.4 0.7 -0.774475 -0.580401 0.251642
-2.8551 5.29191 2.12757 0.35 0.7 -0.658808 -0.580401 0.478652
-3.89314 5.87916 0.040377 0.45 0.65 -0.894037 -0.447994 0
-3.53327 5.29191 0.040377 0.45 0.7 -0.814331 -0.580401 -0
-3.35948 5.29191 1.13768 0.4 0.7 -0.774475 -0.580401 0.251642
-3.70173 5.87916 -1.16813 0.5 0.65 -0.85028 -0.447994 -0.276273
-3.35948 5.29191 -1.05692 0.5 0.7 -0.774475 -0.580401 -0.251642
-3.53327 5.29191 0.040377 0.45 0.7 -0.814331 -0.580401 -0
-3.14624 5.87916 -2.25834 0.55 0.65 -0.723291 -0.447994 -0.525502
-2.8551 5.29191 -2.04681 0.55 0.7 -0.658808 -0.580401 -0.478652
-3.35948 5.29191 -1.05692 0.5 0.7 -0.774475 -0.580401 -0.251642
-2.28105 5.87916 -3.12353 0.6 0.65 -0.525502 -0.447994 -0.723291
-2.06952 5.29191 -2.83239 0.6 0.7 -0.478652 -0.580401 -0.658808
-2.8551 5.29191 -2.04681 0.55 0.7 -0.658808 -0.580401 -0.478652
-1.19084 5.87916 -3.67902 0.65 0.65 -0.276272 -0.447994 -0.85028
-1.07964 5.29191 -3.33677 0.65 0.7 -0.251642 -0.580401 -0.774475
-2.06952 5.29191 -2.83239 0.6 0.7 -0.478652 -0.580401 -0.658808
0.017666 5.87916 -3.87043 0.7 0.65 -0 -0.447994 -0.894037
0.017666 5.29191 -3.51056 0.7 0.7 0 -0.580401 -0.814331
-1.07964 5.29191 -3.33677 0.65 0.7 -0.251642 -0.580401 -0.774475
1.22617 5.87916 -3.67902 0.75 0.65 0.276273 -0.447993 -0.85028
1.11497 5.29191 -3.33677 0.75 0.7 0.251642 -0.580401 -0.774475
0.017666 5.29191 -3.51056 0.7 0.7 0 -0.580401 -0.814331
2.31638 5.87916 -3.12353 0.8 0.65 0.525502 -0.447994 -0.723291
2.10486 5.29191 -2.83239 0.8 0.7 0.478652 -0.580401 -0.658808
1.11497 5.29191 -3.33677 0.75 0.7 0.251642 -0.580401 -0.774475
3.18158 5.87916 -2.25834 0.85 0.65 0.723291 -0.447994 -0.525502
2.89043 5.29191 -2.04681 0.85 0.7 0.658808 -0.580401 -0.478652
2.10486 5.29191 -2.83239 0.8 0.7 0.478652 -0.580401 -0.658808
3.73706 5.87916 -1.16813 0.9 0.65 0.85028 -0.447994 -0.276273
3.39481 5.29191 -1.05692 0.9 0.7 0.774475 -0.580401 -0.251642
2.89043 5.29191 -2.04681 0.85 0.7 0.658808 -0.580401 -0.478652
3.92847 5.87916 0.040377 0.95 0.65 0.894037 -0.447994 -1e-006
3.5686 5.29191 0.040377 0.95 0.7 0.814331 -0.580401 -1e-006
3.39481 5.29191 -1.05692 0.9 0.7 0.774475 -0.580401 -0.251642
3.73707 5.87916 1.24888 1 0.65 0.85028 -0.447994 0.276272
3.39481 5.29191 1.13768 1 0.7 0.774475 -0.580401 0.251641
3.5686 5.29191 0.040377 0.95 0.7 0.814331 -0.580401 -1e-006
3.39481 6.51548 2.49402 0.05 0.6 0.770524 -0.304789 0.559818
3.18158 5.87916 2.33909 0.05 0.65 0.723291 -0.447994 0.525502
3.73707 5.87916 1.24888 0 0.65 0.85028 -0.447994 0.276272
2.4713 6.51548 3.41752 0.1 0.6 0.559818 -0.304789 0.770524
2.31638 5.87916 3.20429 0.1 0.65 0.525501 -0.447994 0.723291
3.18158 5.87916 2.33909 0.05 0.65 0.723291 -0.447994 0.525502
1.30762 6.51548 4.01045 0.15 0.6 0.294314 -0.304789 0.905805
1.22617 5.87916 3.75978 0.15 0.65 0.276272 -0.447994 0.85028
2.31638 5.87916 3.20429 0.1 0.65 0.525501 -0.447994 0.723291
0.017666 6.51548 4.21476 0.2 0.6 0 -0.304789 0.95242
0.017666 5.87916 3.95118 0.2 0.65 0 -0.447994 0.894037
1.22617 5.87916 3.75978 0.15 0.65 0.276272 -0.447994 0.85028
-1.27229 6.51548 4.01045 0.25 0.6 -0.294314 -0.304789 0.905805
-1.19084 5.87916 3.75978 0.25 0.65 -0.276273 -0.447994 0.850279
0.017666 5.87916 3.95118 0.2 0.65 0 -0.447994 0.894037
-2.43597 6.51548 3.41752 0.3 0.6 -0.559819 -0.304789 0.770524
-2.28105 5.87916 3.20429 0.3 0.65 -0.525502 -0.447994 0.723291
-1.19084 5.87916 3.75978 0.25 0.65 -0.276273 -0.447994 0.850279
-3.35948 6.51548 2.49401 0.35 0.6 -0.770524 -0.304789 0.559818
-3.14624 5.87916 2.33909 0.35 0.65 -0.723291 -0.447994 0.525501
-2.28105 5.87916 3.20429 0.3 0.65 -0.525502 -0.447994 0.723291
-3.9524 6.51548 1.33033 0.4 0.6 -0.905805 -0.304789 0.294314
-3.70173 5.87916 1.24888 0.4 0.65 -0.85028 -0.447994 0.276272
-3.14624 5.87916 2.33909 0.35 0.65 -0.723291 -0.447994 0.525501
-4.15671 6.51548 0.040377 0.45 0.6 -0.95242 -0.304789 0
-3.89314 5.87916 0.040377 0.45 0.65 -0.894037 -0.447994 0
-3.70173 5.87916 1.24888 0.4 0.65 -0.85028 -0.447994 0.276272
-3.9524 6.51548 -1.24958 0.5 0.6 -0.905805 -0.304789 -0.294314
-3.70173 5.87916 -1.16813 0.5 0.65 -0.85028 -0.447994 -0.276273
-3.89314 5.87916 0.040377 0.45 0.65 -0.894037 -0.447994 0
-3.35948 6.51548 -2.41326 0.55 0.6 -0.770524 -0.304789 -0.559819
-3.14624 5.87916 -2.25834 0.55 0.65 -0.723291 -0.447994 -0.525502
-3.70173 5.87916 -1.16813 0.5 0.65 -0.85028 -0.447994 -0.276273
-2.43597 6.51548 -3.33677 0.6 0.6 -0.559818 -0.304789 -0.770524
-2.28105 5.87916 -3.12353 0.6 0.65 -0.525502 -0.447994 -0.723291
-3.14624 5.87916 -2.25834 0.55 0.65 -0.723291 -0.447994 -0.525502
-1.27229 6.51548 -3.92969 0.65 0.6 -0.294314 -0.304789 -0.905805
-1.19084 5.87916 -3.67902 0.65 0.65 -0.276272 -0.447994 -0.85028
-2.28105 5.87916 -3.12353 0.6 0.65 -0.525502 -0.447994 -0.723291
0.017666 6.51548 -4.134 0.7 0.6 0 -0.304789 -0.95242
0.017666 5.87916 -3.87043 0.7 0.65 -0 -0.447994 -0.894037
-1.19084 5.87916 -3.67902 0.65 0.65 -0.276272 -0.447994 -0.85028
1.30762 6.51548 -3.92969 0.75 0.6 0.294314 -0.304789 -0.905805
1.22617 5.87916 -3.67902 0.75 0.65 0.276273 -0.447993 -0.85028
0.017666 5.87916 -3.87043 0.7 0.65 -0 -0.447994 -0.894037
2.4713 6.51548 -3.33677 0.8 0.6 0.559818 -0.304789 -0.770524
2.31638 5.87916 -3.12353 0.8 0.65 0.525502 -0.447994 -0.723291
1.22617 5.87916 -3.67902 0.75 0.65 0.276273 -0.447993 -0.85028
3.39481 6.51548 -2.41326 0.85 0.6 0.770524 -0.304789 -0.559818
3.18158 5.87916 -2.25834 0.85 0.65 0.723291 -0.447994 -0.525502
2.31638 5.87916 -3.12353 0.8 0.65 0.525502 -0.447994 -0.723291
3.98774 6.51548 -1.24958 0.9 0.6 0.905805 -0.304789 -0.294314
3.73706 5.87916 -1.16813 0.9 0.65 0.85028 -0.447994 -0.276273
3.18158 5.87916 -2.25834 0.85 0.65 0.723291 -0.447994 -0.525502
4.19204 6.51548 0.040377 0.95 0.6 0.95242 -0.304789 -1e-006
3.92847 5.87916 0.040377 0.95 0.65 0.894037 -0.447994 -1e-006
3.73706 5.87916 -1.16813 0.9 0.65 0.85028 -0.447994 -0.276273
3.98774 6.51548 1.33033 1 0.6 0.905806 -0.304789 0.294313
3.73707 5.87916 1.24888 1 0.65 0.85028 -0.447994 0.276272
3.92847 5.87916 0.040377 0.95 0.65 0.894037 -0.447994 -1e-006
3.52489 7.1852 2.58852 0.05 0.55 0.799335 -0.154249 0.580751
3.39481 6.51548 2.49402 0.05 0.6 0.770524 -0.304789 0.559818
3.98774 6.51548 1.33033 0 0.6 0.905806 -0.304789 0.294313
2.56581 7.1852 3.5476 0.1 0.55 0.580751 -0.154249 0.799335
2.4713 6.51548 3.41752 0.1 0.6 0.559818 -0.304789 0.770524
3.39481 6.51548 2.49402 0.05 0.6 0.770524 -0.304789 0.559818
1.35731 7.1852 4.16336 0.15 0.55 0.305319 -0.154249 0.939674
1.30762 6.51548 4.01045 0.15 0.6 0.294314 -0.304789 0.905805
2.4713 6.51548 3.41752 0.1 0.6 0.559818 -0.304789 0.770524
0.017666 7.1852 4.37554 0.2 0.55 0 -0.154249 0.988032
0.017666 6.51548 4.21476 0.2 0.6 0 -0.304789 0.95242
1.30762 6.51548 4.01045 0.15 0.6 0.294314 -0.304789 0.905805
-1.32197 7.1852 4.16336 0.25 0.55 -0.305319 -0.154249 0.939674
-1.27229 6.51548 4.01045 0.25 0.6 -0.294314 -0.304789 0.905805
0.017666 6.51548 4.21476 0.2 0.6 0 -0.304789 0.95242
-2.53048 7.1852 3.5476 0.3 0.55 -0.580751 -0.154249 0.799335
-2.43597 6.51548 3.41752 0.3 0.6 -0.559819 -0.304789 0.770524
-1.27229 6.51548 4.01045 0.25 0.6 -0.294314 -0.304789 0.905805
-3.48955 7.1852 2.58852 0.35 0.55 -0.799335 -0.154249 0.580751
-3.35948 6.51548 2.49401 0.35 0.6 -0.770524 -0.304789 0.559818
-2.43597 6.51548 3.41752 0.3 0.6 -0.559819 -0.304789 0.770524
-4.10532 7.1852 1.38002 0.4 0.55 -0.939674 -0.154249 0.305319
-3.9524 6.51548 1.33033 0.4 0.6 -0.905805 -0.304789 0.294314
-3.35948 6.51548 2.49401 0.35 0.6 -0.770524 -0.304789 0.559818
-4.3175 7.1852 0.040377 0.45 0.55 -0.988032 -0.154249 0
-4.15671 6.51548 0.040377 0.45 0.6 -0.95242 -0.304789 0
-3.9524 6.51548 1.33033 0.4 0.6 -0.905805 -0.304789 0.294314
-4.10532 7.1852 -1.29926 0.5 0.55 -0.939674 -0.154249 -0.305319
-3.9524 6.51548 -1.24958 0.5 0.6 -0.905805 -0.304789 -0.294314
-4.15671 6.51548 0.040377 0.45 0.6 -0.95242 -0.304789 0
-3.48955 7.1852 -2.50777 0.55 0.55 -0.799335 -0.154249 -0.580751
-3.35948 6.51548 -2.41326 0.55 0.6 -0.770524 -0.304789 -0.559819
-3.9524 6.51548 -1.24958 0.5 0.6 -0.905805 -0.304789 -0.294314
-2.53048 7.1852 -3.46684 0.6 0.55 -0.580751 -0.154249 -0.799335
-2.43597 6.51548 -3.33677 0.6 0.6 -0.559818 -0.304789 -0.770524
-3.35948 6.51548 -2.41326 0.55 0.6 -0.770524 -0.304789 -0.559819
-1.32197 7.1852 -4.08261 0.65 0.55 -0.305319 -0.154249 -0.939674
-1.27229 6.51548 -3.92969 0.65 0.6 -0.294314 -0.304789 -0.905805
-2.43597 6.51548 -3.33677 0.6 0.6 -0.559818 -0.304789 -0.770524
0.017666 7.1852 -4.29479 0.7 0.55 0 -0.154249 -0.988032
0.017666 6.51548 -4.134 0.7 0.6 0 -0.304789 -0.95242
-1.27229 6.51548 -3.92969 0.65 0.6 -0.294314 -0.304789 -0.905805
1.35731 7.1852 -4.08261 0.75 0.55 0.305319 -0.154249 -0.939674
1.30762 6.51548 -3.92969 0.75 0.6 0.294314 -0.304789 -0.905805
0.017666 6.51548 -4.134 0.7 0.6 0 -0.304789 -0.95242
2.56581 7.1852 -3.46684 0.8 0.55 0.580751 -0.154249 -0.799335
2.4713 6.51548 -3.33677 0.8 0.6 0.559818 -0.304789 -0.770524
1.30762 6.51548 -3.92969 0.75 0.6 0.294314 -0.304789 -0.905805
3.52489 7.1852 -2.50777 0.85 0.55 0.799335 -0.154249 -0.580751
3.39481 6.51548 -2.41326 0.85 0.6 0.770524 -0.304789 -0.559818
2.4713 6.51548 -3.33677 0.8 0.6 0.559818 -0.304789 -0.770524
4.14065 7.1852 -1.29926 0.9 0.55 0.939674 -0.154249 -0.305319
3.98774 6.51548 -1.24958 0.9 0.6 0.905805 -0.304789 -0.294314
3.39481 6.51548 -2.41326 0.85 0.6 0.770524 -0.304789 -0.559818
4.35283 7.1852 0.040377 0.95 0.55 0.988032 -0.154249 -1e-006
4.19204 6.51548 0.040377 0.95 0.6 0.95242 -0.304789 -1e-006
3.98774 6.51548 -1.24958 0.9 0.6 0.905805 -0.304789 -0.294314
4.14065 7.1852 1.38002 1 0.55 0.939675 -0.154249 0.305318
3.98774 6.51548 1.33033 1 0.6 0.905806 -0.304789 0.294313
4.19204 6.51548 0.040377 0.95 0.6 0.95242 -0.304789 -1e-006
3.56861 7.87182 2.62029 0.05 0.5 0.809017 0 0.587785
3.52489 7.1852 2.58852 0.05 0.55 0.799335 -0.154249 0.580751
4.14065 7.1852 1.38002 0 0.55 0.939675 -0.154249 0.305318
2.59757 7.87182 3.59132 0.1 0.5 0.587785 0 0.809017
2.56581 7.1852 3.5476 0.1 0.55 0.580751 -0.154249 0.799335
3.52489 7.1852 2.58852 0.05 0.55 0.799335 -0.154249 0.580751
1.374 7.87182 4.21476 0.15 0.5 0.309017 0 0.951057
1.35731 7.1852 4.16336 0.15 0.55 0.305319 -0.154249 0.939674
2.56581 7.1852 3.5476 0.1 0.55 0.580751 -0.154249 0.799335
0.017666 7.87182 4.42958 0.2 0.5 0 0 1
0.017666 7.1852 4.37554 0.2 0.55 0 -0.154249 0.988032
1.35731 7.1852 4.16336 0.15 0.55 0.305319 -0.154249 0.939674
-1.33867 7.87182 4.21476 0.25 0.5 -0.309017 0 0.951056
-1.32197 7.1852 4.16336 0.25 0.55 -0.305319 -0.154249 0.939674
0.017666 7.1852 4.37554 0.2 0.55 0 -0.154249 0.988032
-2.56224 7.87182 3.59132 0.3 0.5 -0.587786 0 0.809017
-2.53048 7.1852 3.5476 0.3 0.55 -0.580751 -0.154249 0.799335
-1.32197 7.1852 4.16336 0.25 0.55 -0.305319 -0.154249 0.939674
-3.53327 7.87182 2.62029 0.35 0.5 -0.809017 0 0.587785
-3.48955 7.1852 2.58852 0.35 0.55 -0.799335 -0.154249 0.580751
-2.53048 7.1852 3.5476 0.3 0.55 -0.580751 -0.154249 0.799335
-4.15671 7.87182 1.39672 0.4 0.5 -0.951057 0 0.309017
-4.10532 7.1852 1.38002 0.4 0.55 -0.939674 -0.154249 0.305319
-3.48955 7.1852 2.58852 0.35 0.55 -0.799335 -0.154249 0.580751
-4.37154 7.87182 0.040377 0.45 0.5 -1 0 -0
-4.3175 7.1852 0.040377 0.45 0.55 -0.988032 -0.154249 0
-4.10532 7.1852 1.38002 0.4 0.55 -0.939674 -0.154249 0.305319
-4.15671 7.87182 -1.31596 0.5 0.5 -0.951057 0 -0.309017
-4.10532 7.1852 -1.29926 0.5 0.55 -0.939674 -0.154249 -0.305319
-4.3175 7.1852 0.040377 0.45 0.55 -0.988032 -0.154249 0
-3.53327 7.87182 -2.53953 0.55 0.5 -0.809017 0 -0.587785
-3.48955 7.1852 -2.50777 0.55 0.55 -0.799335 -0.154249 -0.580751
-4.10532 7.1852 -1.29926 0.5 0.55 -0.939674 -0.154249 -0.305319
-2.56224 7.87182 -3.51056 0.6 0.5 -0.587785 0 -0.809017
-2.53048 7.1852 -3.46684 0.6 0.55 -0.580751 -0.154249 -0.799335
-3.48955 7.1852 -2.50777 0.55 0.55 -0.799335 -0.154249 -0.580751
-1.33867 7.87182 -4.134 0.65 0.5 -0.309017 -0 -0.951057
-1.32197 7.1852 -4.08261 0.65 0.55 -0.305319 -0.154249 -0.939674
-2.53048 7.1852 -3.46684 0.6 0.55 -0.580751 -0.154249 -0.799335
0.017666 7.87182 -4.34882 0.7 0.5 0 0 -1
0.017666 7.1852 -4.29479 0.7 0.55 0 -0.154249 -0.988032
-1.32197 7.1852 -4.08261 0.65 0.55 -0.305319 -0.154249 -0.939674
1.374 7.87182 -4.134 0.75 0.5 0.309017 0 -0.951057
1.35731 7.1852 -4.08261 0.75 0.55 0.305319 -0.154249 -0.939674
0.017666 7.1852 -4.29479 0.7 0.55 0 -0.154249 -0.988032
2.59757 7.87182 -3.51056 0.8 0.5 0.587785 -0 -0.809017
2.56581 7.1852 -3.46684 0.8 0.55 0.580751 -0.154249 -0.799335
1.35731 7.1852 -4.08261 0.75 0.55 0.305319 -0.154249 -0.939674
3.5686 7.87182 -2.53953 0.85 0.5 0.809017 -0 -0.587785
3.52489 7.1852 -2.50777 0.85 0.55 0.799335 -0.154249 -0.580751
2.56581 7.1852 -3.46684 0.8 0.55 0.580751 -0.154249 -0.799335
4.19204 7.87182 -1.31596 0.9 0.5 0.951057 0 -0.309017
4.14065 7.1852 -1.29926 0.9 0.55 0.939674 -0.154249 -0.305319
3.52489 7.1852 -2.50777 0.85 0.55 0.799335 -0.154249 -0.580751
4.40687 7.87182 0.040377 0.95 0.5 1 0 -1e-006
4.35283 7.1852 0.040377 0.95 0.55 0.988032 -0.154249 -1e-006
4.14065 7.1852 -1.29926 0.9 0.55 0.939674 -0.154249 -0.305319
4.19205 7.87182 1.39672 1 0.5 0.951057 -0 0.309016
4.14065 7.1852 1.38002 1 0.55 0.939675 -0.154249 0.305318
4.35283 7.1852 0.040377 0.95 0.55 0.988032 -0.154249 -1e-006
3.52489 8.55844 2.58852 0.05 0.45 0.799335 0.154249 0.580751
3.56861 7.87182 2.62029 0.05 0.5 0.809017 0 0.587785
4.19205 7.87182 1.39672 0 0.5 0.951057 -0 0.309016
2.56581 8.55844 3.5476 0.1 0.45 0.580751 0.154249 0.799335
2.59757 7.87182 3.59132 0.1 0.5 0.587785 0 0.809017
3.56861 7.87182 2.62029 0.05 0.5 0.809017 0 0.587785
1.35731 8.55844 4.16336 0.15 0.45 0.305319 0.154249 0.939674
1.374 7.87182 4.21476 0.15 0.5 0.309017 0 0.951057
2.59757 7.87182 3.59132 0.1 0.5 0.587785 0 0.809017
0.017666 8.55844 4.37554 0.2 0.45 0 0.154249 0.988032
0.017666 7.87182 4.42958 0.2 0.5 0 0 1
1.374 7.87182 4.21476 0.15 0.5 0.309017 0 0.951057
-1.32197 8.55844 4.16336 0.25 0.45 -0.305319 0.154249 0.939674
-1.33867 7.87182 4.21476 0.25 0.5 -0.309017 0 0.951056
0.017666 7.87182 4.42958 0.2 0.5 0 0 1
-2.53048 8.55844 3.5476 0.3 0.45 -0.580751 0.154249 0.799335
-2.56224 7.87182 3.59132 0.3 0.5 -0.587786 0 0.809017
-1.33867 7.87182 4.21476 0.25 0.5 -0.309017 0 0.951056
-3.48955 8.55844 2.58852 0.35 0.45 -0.799335 0.154249 0.580751
-3.53327 7.87182 2.62029 0.35 0.5 -0.809017 0 0.587785
-2.56224 7.87182 3.59132 0.3 0.5 -0.587786 0 0.809017
-4.10532 8.55844 1.38002 0.4 0.45 -0.939674 0.154249 0.305319
-4.15671 7.87182 1.39672 0.4 0.5 -0.951057 0 0.309017
-3.53327 7.87182 2.62029 0.35 0.5 -0.809017 0 0.587785
-4.3175 8.55844 0.040377 0.45 0.45 -0.988032 0.154249 0
-4.37154 7.87182 0.040377 0.45 0.5 -1 0 -0
-4.15671 7.87182 1.39672 0.4 0.5 -0.951057 0 0.309017
-4.10532 8.55844 -1.29926 0.5 0.45 -0.939674 0.154249 -0.305319
-4.15671 7.87182 -1.31596 0.5 0.5 -0.951057 0 -0.309017
-4.37154 7.87182 0.040377 0.45 0.5 -1 0 -0
-3.48955 8.55844 -2.50777 0.55 0.45 -0.799335 0.154249 -0.580751
-3.53327 7.87182 -2.53953 0.55 0.5 -0.809017 0 -0.587785
-4.15671 7.87182 -1.31596 0.5 0.5 -0.951057 0 -0.309017
-2.53048 8.55844 -3.46684 0.6 0.45 -0.580751 0.154249 -0.799335
-2.56224 7.87182 -3.51056 0.6 0.5 -0.587785 0 -0.809017
-3.53327 7.87182 -2.53953 0.55 0.5 -0.809017 0 -0.587785
-1.32197 8.55844 -4.08261 0.65 0.45 -0.305319 0.154249 -0.939674
-1.33867 7.87182 -4.134 0.65 0.5 -0.309017 -0 -0.951057
-2.56224 7.87182 -3.51056 0.6 0.5 -0.587785 0 -0.809017
0.017666 8.55844 -4.29479 0.7 0.45 0 0.154249 -0.988032
0.017666 7.87182 -4.34882 0.7 0.5 0 0 -1
-1.33867 7.87182 -4.134 0.65 0.5 -0.309017 -0 -0.951057
1.35731 8.55844 -4.08261 0.75 0.45 0.305319 0.154249 -0.939674
1.374 7.87182 -4.134 0.75 0.5 0.309017 0 -0.951057
0.017666 7.87182 -4.34882 0.7 0.5 0 0 -1
2.56581 8.55844 -3.46684 0.8 0.45 0.580751 0.154249 -0.799335
2.59757 7.87182 -3.51056 0.8 0.5 0.587785 -0 -0.809017
1.374 7.87182 -4.134 0.75 0.5 0.309017 0 -0.951057
3.52489 8.55844 -2.50777 0.85 0.45 0.799335 0.154249 -0.580751
3.5686 7.87182 -2.53953 0.85 0.5 0.809017 -0 -0.587785
2.59757 7.87182 -3.51056 0.8 0.5 0.587785 -0 -0.809017
4.14065 8.55844 -1.29926 0.9 0.45 0.939674 0.154249 -0.305319
4.19204 7.87182 -1.31596 0.9 0.5 0.951057 0 -0.309017
3.5686 7.87182 -2.53953 0.85 0.5 0.809017 -0 -0.587785
4.35283 8.55844 0.040377 0.95 0.45 0.988032 0.154249 -1e-006
4.40687 7.87182 0.040377 0.95 0.5 1 0 -1e-006
4.19204 7.87182 -1.31596 0.9 0.5 0.951057 0 -0.309017
4.14065 8.55844 1.38002 1 0.45 0.939675 0.154249 0.305318
4.19205 7.87182 1.39672 1 0.5 0.951057 -0 0.309016
4.40687 7.87182 0.040377 0.95 0.5 1 0 -1e-006
3.39481 9.22816 2.49402 0.05 0.4 0.770524 0.304789 0.559818
3.52489 8.55844 2.58852 0.05 0.45 0.799335 0.154249 0.580751
4.14065 8.55844 1.38002 0 0.45 0.939675 0.154249 0.305318
2.4713 9.22816 3.41752 0.1 0.4 0.559818 0.304789 0.770524
2.56581 8.55844 3.5476 0.1 0.45 0.580751 0.154249 0.799335
3.52489 8.55844 2.58852 0.05 0.45 0.799335 0.154249 0.580751
1.30762 9.22816 4.01045 0.15 0.4 0.294314 0.304789 0.905805
1.35731 8.55844 4.16336 0.15 0.45 0.305319 0.154249 0.939674
2.56581 8.55844 3.5476 0.1 0.45 0.580751 0.154249 0.799335
0.017666 9.22816 4.21476 0.2 0.4 0 0.304789 0.95242
0.017666 8.55844 4.37554 0.2 0.45 0 0.154249 0.988032
1.35731 8.55844 4.16336 0.15 0.45 0.305319 0.154249 0.939674
-1.27229 9.22816 4.01045 0.25 0.4 -0.294314 0.304789 0.905805
-1.32197 8.55844 4.16336 0.25 0.45 -0.305319 0.154249 0.939674
0.017666 8.55844 4.37554 0.2 0.45 0 0.154249 0.988032
-2.43597 9.22816 3.41752 0.3 0.4 -0.559819 0.304789 0.770524
-2.53048 8.55844 3.5476 0.3 0.45 -0.580751 0.154249 0.799335
-1.32197 8.55844 4.16336 0.25 0.45 -0.305319 0.154249 0.939674
-3.35948 9.22816 2.49401 0.35 0.4 -0.770524 0.304789 0.559818
-3.48955 8.55844 2.58852 0.35 0.45 -0.799335 0.154249 0.580751
-2.53048 8.55844 3.5476 0.3 0.45 -0.580751 0.154249 0.799335
-3.9524 9.22816 1.33033 0.4 0.4 -0.905805 0.304789 0.294314
-4.10532 8.55844 1.38002 0.4 0.45 -0.939674 0.154249 0.305319
-3.48955 8.55844 2.58852 0.35 0.45 -0.799335 0.154249 0.580751
-4.15671 9.22816 0.040377 0.45 0.4 -0.95242 0.304789 0
-4.3175 8.55844 0.040377 0.45 0.45 -0.988032 0.154249 0
-4.10532 8.55844 1.38002 0.4 0.45 -0.939674 0.154249 0.305319
-3.9524 9.22816 -1.24958 0.5 0.4 -0.905805 0.304789 -0.294314
-4.10532 8.55844 -1.29926 0.5 0.45 -0.939674 0.154249 -0.305319
-4.3175 8.55844 0.040377 0.45 0.45 -0.988032 0.154249 0
-3.35948 9.22816 -2.41326 0.55 0.4 -0.770524 0.304789 -0.559819
-3.48955 8.55844 -2.50777 0.55 0.45 -0.799335 0.154249 -0.580751
-4.10532 8.55844 -1.29926 0.5 0.45 -0.939674 0.154249 -0.305319
-2.43597 9.22816 -3.33677 0.6 0.4 -0.559818 0.304789 -0.770524
-2.53048 8.55844 -3.46684 0.6 0.45 -0.580751 0.154249 -0.799335
-3.48955 8.55844 -2.50777 0.55 0.45 -0.799335 0.154249 -0.580751
-1.27229 9.22816 -3.92969 0.65 0.4 -0.294314 0.304789 -0.905805
-1.32197 8.55844 -4.08261 0.65 0.45 -0.305319 0.154249 -0.939674
-2.53048 8.55844 -3.46684 0.6 0.45 -0.580751 0.154249 -0.799335
0.017666 9.22816 -4.134 0.7 0.4 0 0.304789 -0.95242
0.017666 8.55844 -4.29479 0.7 0.45 0 0.154249 -0.988032
-1.32197 8.55844 -4.08261 0.65 0.45 -0.305319 0.154249 -0.939674
1.30762 9.22816 -3.92969 0.75 0.4 0.294314 0.304789 -0.905805
1.35731 8.55844 -4.08261 0.75 0.45 0.305319 0.154249 -0.939674
0.017666 8.55844 -4.29479 0.7 0.45 0 0.154249 -0.988032
2.4713 9.22816 -3.33677 0.8 0.4 0.559819 0.304789 -0.770524
2.56581 8.55844 -3.46684 0.8 0.45 0.580751 0.154249 -0.799335
1.35731 8.55844 -4.08261 0.75 0.45 0.305319 0.154249 -0.939674
3.39481 9.22816 -2.41326 0.85 0.4 0.770524 0.304789 -0.559818
3.52489 8.55844 -2.50777 0.85 0.45 0.799335 0.154249 -0.580751
2.56581 8.55844 -3.46684 0.8 0.45 0.580751 0.154249 -0.799335
3.98774 9.22816 -1.24958 0.9 0.4 0.905805 0.304789 -0.294314
4.14065 8.55844 -1.29926 0.9 0.45 0.939674 0.154249 -0.305319
3.52489 8.55844 -2.50777 0.85 0.45 0.799335 0.154249 -0.580751
4.19204 9.22816 0.040377 0.95 0.4 0.95242 0.304789 -1e-006
4.35283 8.55844 0.040377 0.95 0.45 0.988032 0.154249 -1e-006
4.14065 8.55844 -1.29926 0.9 0.45 0.939674 0.154249 -0.305319
3.98774 9.22816 1.33033 1 0.4 0.905806 0.304789 0.294313
4.14065 8.55844 1.38002 1 0.45 0.939675 0.154249 0.305318
4.35283 8.55844 0.040377 0.95 0.45 0.988032 0.154249 -1e-006
3.18158 9.86447 2.33909 0.05 0.35 0.723291 0.447994 0.525502
3.39481 9.22816 2.49402 0.05 0.4 0.770524 0.304789 0.559818
3.98774 9.22816 1.33033 0 0.4 0.905806 0.304789 0.294313
2.31638 9.86447 3.20429 0.1 0.35 0.525501 0.447994 0.723291
2.4713 9.22816 3.41752 0.1 0.4 0.559818 0.304789 0.770524
3.39481 9.22816 2.49402 0.05 0.4 0.770524 0.304789 0.559818
1.22617 9.86447 3.75978 0.15 0.35 0.276272 0.447994 0.85028
1.30762 9.22816 4.01045 0.15 0.4 0.294314 0.304789 0.905805
2.4713 9.22816 3.41752 0.1 0.4 0.559818 0.304789 0.770524
0.017666 9.86447 3.95118 0.2 0.35 0 0.447994 0.894037
0.017666 9.22816 4.21476 0.2 0.4 0 0.304789 0.95242
1.30762 9.22816 4.01045 0.15 0.4 0.294314 0.304789 0.905805
-1.19084 9.86447 3.75978 0.25 0.35 -0.276273 0.447994 0.850279
-1.27229 9.22816 4.01045 0.25 0.4 -0.294314 0.304789 0.905805
0.017666 9.22816 4.21476 0.2 0.4 0 0.304789 0.95242
-2.28105 9.86447 3.20429 0.3 0.35 -0.525502 0.447994 0.723291
-2.43597 9.22816 3.41752 0.3 0.4 -0.559819 0.304789 0.770524
-1.27229 9.22816 4.01045 0.25 0.4 -0.294314 0.304789 0.905805
-3.14624 9.86447 2.33909 0.35 0.35 -0.723291 0.447994 0.525502
-3.35948 9.22816 2.49401 0.35 0.4 -0.770524 0.304789 0.559818
-2.43597 9.22816 3.41752 0.3 0.4 -0.559819 0.304789 0.770524
-3.70173 9.86447 1.24888 0.4 0.35 -0.85028 0.447994 0.276272
-3.9524 9.22816 1.33033 0.4 0.4 -0.905805 0.304789 0.294314
-3.35948 9.22816 2.49401 0.35 0.4 -0.770524 0.304789 0.559818
-3.89314 9.86447 0.040377 0.45 0.35 -0.894037 0.447994 0
-4.15671 9.22816 0.040377 0.45 0.4 -0.95242 0.304789 0
-3.9524 9.22816 1.33033 0.4 0.4 -0.905805 0.304789 0.294314
-3.70173 9.86447 -1.16813 0.5 0.35 -0.85028 0.447994 -0.276273
-3.9524 9.22816 -1.24958 0.5 0.4 -0.905805 0.304789 -0.294314
-4.15671 9.22816 0.040377 0.45 0.4 -0.95242 0.304789 0
-3.14624 9.86447 -2.25834 0.55 0.35 -0.723291 0.447994 -0.525502
-3.35948 9.22816 -2.41326 0.55 0.4 -0.770524 0.304789 -0.559819
-3.9524 9.22816 -1.24958 0.5 0.4 -0.905805 0.304789 -0.294314
-2.28105 9.86447 -3.12353 0.6 0.35 -0.525502 0.447994 -0.723291
-2.43597 9.22816 -3.33677 0.6 0.4 -0.559818 0.304789 -0.770524
-3.35948 9.22816 -2.41326 0.55 0.4 -0.770524 0.304789 -0.559819
-1.19084 9.86447 -3.67902 0.65 0.35 -0.276273 0.447994 -0.85028
-1.27229 9.22816 -3.92969 0.65 0.4 -0.294314 0.304789 -0.905805
-2.43597 9.22816 -3.33677 0.6 0.4 -0.559818 0.304789 -0.770524
0.017666 9.86447 -3.87043 0.7 0.35 -0 0.447994 -0.894037
0.017666 9.22816 -4.134 0.7 0.4 0 0.304789 -0.95242
-1.27229 9.22816 -3.92969 0.65 0.4 -0.294314 0.304789 -0.905805
1.22617 9.86447 -3.67902 0.75 0.35 0.276273 0.447993 -0.85028
1.30762 9.22816 -3.92969 0.75 0.4 0.294314 0.304789 -0.905805
0.017666 9.22816 -4.134 0.7 0.4 0 0.304789 -0.95242
2.31638 9.86447 -3.12353 0.8 0.35 0.525502 0.447994 -0.723291
2.4713 9.22816 -3.33677 0.8 0.4 0.559819 0.304789 -0.770524
1.30762 9.22816 -3.92969 0.75 0.4 0.294314 0.304789 -0.905805
3.18158 9.86447 -2.25834 0.85 0.35 0.723291 0.447993 -0.525502
3.39481 9.22816 -2.41326 0.85 0.4 0.770524 0.304789 -0.559818
2.4713 9.22816 -3.33677 0.8 0.4 0.559819 0.304789 -0.770524
3.73706 9.86447 -1.16813 0.9 0.35 0.85028 0.447993 -0.276273
3.98774 9.22816 -1.24958 0.9 0.4 0.905805 0.304789 -0.294314
3.39481 9.22816 -2.41326 0.85 0.4 0.770524 0.304789 -0.559818
3.92847 9.86447 0.040377 0.95 0.35 0.894037 0.447994 -1e-006
4.19204 9.22816 0.040377 0.95 0.4 0.95242 0.304789 -1e-006
3.98774 9.22816 -1.24958 0.9 0.4 0.905805 0.304789 -0.294314
3.73707 9.86447 1.24888 1 0.35 0.85028 0.447994 0.276272
3.98774 9.22816 1.33033 1 0.4 0.905806 0.304789 0.294313
4.19204 9.22816 0.040377 0.95 0.4 0.95242 0.304789 -1e-006
2.89044 10.4517 2.12757 0.05 0.3 0.658808 0.580401 0.478652
3.18158 9.86447 2.33909 0.05 0.35 0.723291 0.447994 0.525502
3.73707 9.86447 1.24888 0 0.35 0.85028 0.447994 0.276272
2.10486 10.4517 2.91315 0.1 0.3 0.478652 0.580401 0.658808
2.31638 9.86447 3.20429 0.1 0.35 0.525501 0.447994 0.723291
3.18158 9.86447 2.33909 0.05 0.35 0.723291 0.447994 0.525502
1.11497 10.4517 3.41752 0.15 0.3 0.251642 0.580401 0.774475
1.22617 9.86447 3.75978 0.15 0.35 0.276272 0.447994 0.85028
2.31638 9.86447 3.20429 0.1 0.35 0.525501 0.447994 0.723291
0.017666 10.4517 3.59132 0.2 0.3 0 0.580401 0.814331
0.017666 9.86447 3.95118 0.2 0.35 0 0.447994 0.894037
1.22617 9.86447 3.75978 0.15 0.35 0.276272 0.447994 0.85028
-1.07964 10.4517 3.41752 0.25 0.3 -0.251642 0.580401 0.774475
-1.19084 9.86447 3.75978 0.25 0.35 -0.276273 0.447994 0.850279
0.017666 9.86447 3.95118 0.2 0.35 0 0.447994 0.894037
-2.06952 10.4517 2.91315 0.3 0.3 -0.478652 0.580401 0.658808
-2.28105 9.86447 3.20429 0.3 0.35 -0.525502 0.447994 0.723291
-1.19084 9.86447 3.75978 0.25 0.35 -0.276273 0.447994 0.850279
-2.8551 10.4517 2.12757 0.35 0.3 -0.658808 0.580401 0.478652
-3.14624 9.86447 2.33909 0.35 0.35 -0.723291 0.447994 0.525502
-2.28105 9.86447 3.20429 0.3 0.35 -0.525502 0.447994 0.723291
-3.35948 10.4517 1.13768 0.4 0.3 -0.774475 0.580401 0.251642
-3.70173 9.86447 1.24888 0.4 0.35 -0.85028 0.447994 0.276272
-3.14624 9.86447 2.33909 0.35 0.35 -0.723291 0.447994 0.525502
-3.53327 10.4517 0.040377 0.45 0.3 -0.814331 0.580401 0
-3.89314 9.86447 0.040377 0.45 0.35 -0.894037 0.447994 0
-3.70173 9.86447 1.24888 0.4 0.35 -0.85028 0.447994 0.276272
-3.35948 10.4517 -1.05692 0.5 0.3 -0.774475 0.580401 -0.251642
-3.70173 9.86447 -1.16813 0.5 0.35 -0.85028 0.447994 -0.276273
-3.89314 9.86447 0.040377 0.45 0.35 -0.894037 0.447994 0
-2.8551 10.4517 -2.04681 0.55 0.3 -0.658808 0.580401 -0.478652
-3.14624 9.86447 -2.25834 0.55 0.35 -0.723291 0.447994 -0.525502
-3.70173 9.86447 -1.16813 0.5 0.35 -0.85028 0.447994 -0.276273
-2.06952 10.4517 -2.83239 0.6 0.3 -0.478652 0.580401 -0.658808
-2.28105 9.86447 -3.12353 0.6 0.35 -0.525502 0.447994 -0.723291
-3.14624 9.86447 -2.25834 0.55 0.35 -0.723291 0.447994 -0.525502
-1.07964 10.4517 -3.33677 0.65 0.3 -0.251642 0.580401 -0.774475
-1.19084 9.86447 -3.67902 0.65 0.35 -0.276273 0.447994 -0.85028
-2.28105 9.86447 -3.12353 0.6 0.35 -0.525502 0.447994 -0.723291
0.017666 10.4517 -3.51056 0.7 0.3 0 0.580401 -0.814331
0.017666 9.86447 -3.87043 0.7 0.35 -0 0.447994 -0.894037
-1.19084 9.86447 -3.67902 0.65 0.35 -0.276273 0.447994 -0.85028
1.11497 10.4517 -3.33677 0.75 0.3 0.251642 0.580401 -0.774475
1.22617 9.86447 -3.67902 0.75 0.35 0.276273 0.447993 -0.85028
0.017666 9.86447 -3.87043 0.7 0.35 -0 0.447994 -0.894037
2.10486 10.4517 -2.83239 0.8 0.3 0.478652 0.580401 -0.658808
2.31638 9.86447 -3.12353 0.8 0.35 0.525502 0.447994 -0.723291
1.22617 9.86447 -3.67902 0.75 0.35 0.276273 0.447993 -0.85028
2.89043 10.4517 -2.04681 0.85 0.3 0.658808 0.580401 -0.478652
3.18158 9.86447 -2.25834 0.85 0.35 0.723291 0.447993 -0.525502
2.31638 9.86447 -3.12353 0.8 0.35 0.525502 0.447994 -0.723291
3.39481 10.4517 -1.05692 0.9 0.3 0.774475 0.580401 -0.251642
3.73706 9.86447 -1.16813 0.9 0.35 0.85028 0.447993 -0.276273
3.18158 9.86447 -2.25834 0.85 0.35 0.723291 0.447993 -0.525502
3.5686 10.4517 0.040377 0.95 0.3 0.814331 0.580401 -1e-006
3.92847 9.86447 0.040377 0.95 0.35 0.894037 0.447994 -1e-006
3.73706 9.86447 -1.16813 0.9 0.35 0.85028 0.447993 -0.276273
3.39481 10.4517 1.13768 1 0.3 0.774475 0.580401 0.251641
3.73707 9.86447 1.24888 1 0.35 0.85028 0.447994 0.276272
3.92847 9.86447 0.040377 0.95 0.35 0.894037 0.447994 -1e-006
2.52856 10.9755 1.86465 0.05 0.25 0.578713 0.698789 0.420459
2.89044 10.4517 2.12757 0.05 0.3 0.658808 0.580401 0.478652
3.39481 10.4517 1.13768 0 0.3 0.774475 0.580401 0.251641
1.84194 10.9755 2.55127 0.1 0.25 0.420459 0.698789 0.578713
2.10486 10.4517 2.91315 0.1 0.3 0.478652 0.580401 0.658808
2.89044 10.4517 2.12757 0.05 0.3 0.658808 0.580401 0.478652
0.976742 10.9755 2.99211 0.15 0.25 0.221048 0.698789 0.680318
1.11497 10.4517 3.41752 0.15 0.3 0.251642 0.580401 0.774475
2.10486 10.4517 2.91315 0.1 0.3 0.478652 0.580401 0.658808
0.017666 10.9755 3.14401 0.2 0.25 -0 0.698789 0.715328
0.017666 10.4517 3.59132 0.2 0.3 0 0.580401 0.814331
1.11497 10.4517 3.41752 0.15 0.3 0.251642 0.580401 0.774475
-0.94141 10.9755 2.99211 0.25 0.25 -0.221049 0.698789 0.680318
-1.07964 10.4517 3.41752 0.25 0.3 -0.251642 0.580401 0.774475
0.017666 10.4517 3.59132 0.2 0.3 0 0.580401 0.814331
-1.8066 10.9755 2.55127 0.3 0.25 -0.42046 0.698788 0.578713
-2.06952 10.4517 2.91315 0.3 0.3 -0.478652 0.580401 0.658808
-1.07964 10.4517 3.41752 0.25 0.3 -0.251642 0.580401 0.774475
-2.49323 10.9755 1.86465 0.35 0.25 -0.578713 0.698788 0.42046
-2.8551 10.4517 2.12757 0.35 0.3 -0.658808 0.580401 0.478652
-2.06952 10.4517 2.91315 0.3 0.3 -0.478652 0.580401 0.658808
-2.93407 10.9755 0.999452 0.4 0.25 -0.680318 0.698788 0.221049
-3.35948 10.4517 1.13768 0.4 0.3 -0.774475 0.580401 0.251642
-2.8551 10.4517 2.12757 0.35 0.3 -0.658808 0.580401 0.478652
-3.08597 10.9755 0.040377 0.45 0.25 -0.715328 0.698789 -0
-3.53327 10.4517 0.040377 0.45 0.3 -0.814331 0.580401 0
-3.35948 10.4517 1.13768 0.4 0.3 -0.774475 0.580401 0.251642
-2.93407 10.9755 -0.918699 0.5 0.25 -0.680318 0.698789 -0.221049
-3.35948 10.4517 -1.05692 0.5 0.3 -0.774475 0.580401 -0.251642
-3.53327 10.4517 0.040377 0.45 0.3 -0.814331 0.580401 0
-2.49323 10.9755 -1.78389 0.55 0.25 -0.578713 0.698789 -0.42046
-2.8551 10.4517 -2.04681 0.55 0.3 -0.658808 0.580401 -0.478652
-3.35948 10.4517 -1.05692 0.5 0.3 -0.774475 0.580401 -0.251642
-1.8066 10.9755 -2.47052 0.6 0.25 -0.420459 0.698789 -0.578713
-2.06952 10.4517 -2.83239 0.6 0.3 -0.478652 0.580401 -0.658808
-2.8551 10.4517 -2.04681 0.55 0.3 -0.658808 0.580401 -0.478652
-0.94141 10.9755 -2.91135 0.65 0.25 -0.221049 0.698788 -0.680318
-1.07964 10.4517 -3.33677 0.65 0.3 -0.251642 0.580401 -0.774475
-2.06952 10.4517 -2.83239 0.6 0.3 -0.478652 0.580401 -0.658808
0.017666 10.9755 -3.06326 0.7 0.25 0 0.698788 -0.715328
0.017666 10.4517 -3.51056 0.7 0.3 0 0.580401 -0.814331
-1.07964 10.4517 -3.33677 0.65 0.3 -0.251642 0.580401 -0.774475
0.976741 10.9755 -2.91135 0.75 0.25 0.221049 0.698789 -0.680318
1.11497 10.4517 -3.33677 0.75 0.3 0.251642 0.580401 -0.774475
0.017666 10.4517 -3.51056 0.7 0.3 0 0.580401 -0.814331
1.84194 10.9755 -2.47052 0.8 0.25 0.420459 0.698788 -0.578713
2.10486 10.4517 -2.83239 0.8 0.3 0.478652 0.580401 -0.658808
1.11497 10.4517 -3.33677 0.75 0.3 0.251642 0.580401 -0.774475
2.52856 10.9755 -1.78389 0.85 0.25 0.578713 0.698788 -0.42046
2.89043 10.4517 -2.04681 0.85 0.3 0.658808 0.580401 -0.478652
2.10486 10.4517 -2.83239 0.8 0.3 0.478652 0.580401 -0.658808
2.9694 10.9755 -0.918699 0.9 0.25 0.680318 0.698788 -0.221049
3.39481 10.4517 -1.05692 0.9 0.3 0.774475 0.580401 -0.251642
2.89043 10.4517 -2.04681 0.85 0.3 0.658808 0.580401 -0.478652
3.1213 10.9755 0.040377 0.95 0.25 0.715329 0.698788 -1e-006
3.5686 10.4517 0.040377 0.95 0.3 0.814331 0.580401 -1e-006
3.39481 10.4517 -1.05692 0.9 0.3 0.774475 0.580401 -0.251642
2.9694 10.9755 0.999453 1 0.25 0.680318 0.698789 0.221048
3.39481 10.4517 1.13768 1 0.3 0.774475 0.580401 0.251641
3.5686 10.4517 0.040377 0.95 0.3 0.814331 0.580401 -1e-006
2.10486 11.4228 1.55681 0.05 0.2 0.485138 0.800252 0.352474
2.52856 10.9755 1.86465 0.05 0.25 0.578713 0.698789 0.420459
2.9694 10.9755 0.999453 0 0.25 0.680318 0.698789 0.221048
1.5341 11.4228 2.12757 0.1 0.2 0.352474 0.800252 0.485138
1.84194 10.9755 2.55127 0.1 0.25 0.420459 0.698789 0.578713
2.52856 10.9755 1.86465 0.05 0.25 0.578713 0.698789 0.420459
0.814902 11.4228 2.49402 0.15 0.2 0.185306 0.800252 0.570314
0.976742 10.9755 2.99211 0.15 0.25 0.221048 0.698789 0.680318
1.84194 10.9755 2.55127 0.1 0.25 0.420459 0.698789 0.578713
0.017666 11.4228 2.62029 0.2 0.2 -0 0.800252 0.599664
0.017666 10.9755 3.14401 0.2 0.25 -0 0.698789 0.715328
0.976742 10.9755 2.99211 0.15 0.25 0.221048 0.698789 0.680318
-0.77957 11.4228 2.49402 0.25 0.2 -0.185307 0.800252 0.570314
-0.94141 10.9755 2.99211 0.25 0.25 -0.221049 0.698789 0.680318
0.017666 10.9755 3.14401 0.2 0.25 -0 0.698789 0.715328
-1.49877 11.4228 2.12757 0.3 0.2 -0.352474 0.800252 0.485138
-1.8066 10.9755 2.55127 0.3 0.25 -0.42046 0.698788 0.578713
-0.94141 10.9755 2.99211 0.25 0.25 -0.221049 0.698789 0.680318
-2.06952 11.4228 1.55681 0.35 0.2 -0.485139 0.800252 0.352474
-2.49323 10.9755 1.86465 0.35 0.25 -0.578713 0.698788 0.42046
-1.8066 10.9755 2.55127 0.3 0.25 -0.42046 0.698788 0.578713
-2.43597 11.4228 0.837612 0.4 0.2 -0.570315 0.800252 0.185306
-2.93407 10.9755 0.999452 0.4 0.25 -0.680318 0.698788 0.221049
-2.49323 10.9755 1.86465 0.35 0.25 -0.578713 0.698788 0.42046
-2.56224 11.4228 0.040377 0.45 0.2 -0.599664 0.800252 -0
-3.08597 10.9755 0.040377 0.45 0.25 -0.715328 0.698789 -0
-2.93407 10.9755 0.999452 0.4 0.25 -0.680318 0.698788 0.221049
-2.43597 11.4228 -0.756859 0.5 0.2 -0.570314 0.800252 -0.185307
-2.93407 10.9755 -0.918699 0.5 0.25 -0.680318 0.698789 -0.221049
-3.08597 10.9755 0.040377 0.45 0.25 -0.715328 0.698789 -0
-2.06952 11.4228 -1.47606 0.55 0.2 -0.485138 0.800252 -0.352474
-2.49323 10.9755 -1.78389 0.55 0.25 -0.578713 0.698789 -0.42046
-2.93407 10.9755 -0.918699 0.5 0.25 -0.680318 0.698789 -0.221049
-1.49877 11.4228 -2.04681 0.6 0.2 -0.352474 0.800252 -0.485138
-1.8066 10.9755 -2.47052 0.6 0.25 -0.420459 0.698789 -0.578713
-2.49323 10.9755 -1.78389 0.55 0.25 -0.578713 0.698789 -0.42046
-0.77957 11.4228 -2.41326 0.65 0.2 -0.185306 0.800252 -0.570315
-0.94141 10.9755 -2.91135 0.65 0.25 -0.221049 0.698788 -0.680318
-1.8066 10.9755 -2.47052 0.6 0.25 -0.420459 0.698789 -0.578713
0.017666 11.4228 -2.53953 0.7 0.2 0 0.800252 -0.599664
0.017666 10.9755 -3.06326 0.7 0.25 0 0.698788 -0.715328
-0.94141 10.9755 -2.91135 0.65 0.25 -0.221049 0.698788 -0.680318
0.814901 11.4228 -2.41326 0.75 0.2 0.185306 0.800252 -0.570315
0.976741 10.9755 -2.91135 0.75 0.25 0.221049 0.698789 -0.680318
0.017666 10.9755 -3.06326 0.7 0.25 0 0.698788 -0.715328
1.5341 11.4228 -2.04681 0.8 0.2 0.352474 0.800252 -0.485139
1.84194 10.9755 -2.47052 0.8 0.25 0.420459 0.698788 -0.578713
0.976741 10.9755 -2.91135 0.75 0.25 0.221049 0.698789 -0.680318
2.10486 11.4228 -1.47606 0.85 0.2 0.485139 0.800252 -0.352474
2.52856 10.9755 -1.78389 0.85 0.25 0.578713 0.698788 -0.42046
1.84194 10.9755 -2.47052 0.8 0.25 0.420459 0.698788 -0.578713
2.4713 11.4228 -0.756858 0.9 0.2 0.570315 0.800252 -0.185307
2.9694 10.9755 -0.918699 0.9 0.25 0.680318 0.698788 -0.221049
2.52856 10.9755 -1.78389 0.85 0.25 0.578713 0.698788 -0.42046
2.59757 11.4228 0.040377 0.95 0.2 0.599664 0.800252 -1e-006
3.1213 10.9755 0.040377 0.95 0.25 0.715329 0.698788 -1e-006
2.9694 10.9755 -0.918699 0.9 0.25 0.680318 0.698788 -0.221049
2.4713 11.4228 0.837613 1 0.2 0.570315 0.800252 0.185306
2.9694 10.9755 0.999453 1 0.25 0.680318 0.698789 0.221048
3.1213 10.9755 0.040377 0.95 0.25 0.715329 0.698788 -1e-006
1.62976 11.7826 1.21163 0.05 0.15 0.380846 0.882266 0.276701
2.10486 11.4228 1.55681 0.05 0.2 0.485138 0.800252 0.352474
2.4713 11.4228 0.837613 0 0.2 0.570315 0.800252 0.185306
1.18892 11.7826 1.65247 0.1 0.15 0.276701 0.882266 0.380846
1.5341 11.4228 2.12757 0.1 0.2 0.352474 0.800252 0.485138
2.10486 11.4228 1.55681 0.05 0.2 0.485138 0.800252 0.352474
0.633431 11.7826 1.93551 0.15 0.15 0.14547 0.882266 0.447711
0.814902 11.4228 2.49402 0.15 0.2 0.185306 0.800252 0.570314
1.5341 11.4228 2.12757 0.1 0.2 0.352474 0.800252 0.485138
0.017666 11.7826 2.03303 0.2 0.15 -0 0.882266 0.470752
0.017666 11.4228 2.62029 0.2 0.2 -0 0.800252 0.599664
0.814902 11.4228 2.49402 0.15 0.2 0.185306 0.800252 0.570314
-0.598099 11.7826 1.93551 0.25 0.15 -0.14547 0.882266 0.447712
-0.77957 11.4228 2.49402 0.25 0.2 -0.185307 0.800252 0.570314
0.017666 11.4228 2.62029 0.2 0.2 -0 0.800252 0.599664
-1.15359 11.7826 1.65247 0.3 0.15 -0.276701 0.882266 0.380846
-1.49877 11.4228 2.12757 0.3 0.2 -0.352474 0.800252 0.485138
-0.77957 11.4228 2.49402 0.25 0.2 -0.185307 0.800252 0.570314
-1.59443 11.7826 1.21163 0.35 0.15 -0.380846 0.882266 0.276701
-2.06952 11.4228 1.55681 0.35 0.2 -0.485139 0.800252 0.352474
-1.49877 11.4228 2.12757 0.3 0.2 -0.352474 0.800252 0.485138
-1.87746 11.7826 0.656141 0.4 0.15 -0.447712 0.882266 0.14547
-2.43597 11.4228 0.837612 0.4 0.2 -0.570315 0.800252 0.185306
-2.06952 11.4228 1.55681 0.35 0.2 -0.485139 0.800252 0.352474
-1.97499 11.7826 0.040377 0.45 0.15 -0.470752 0.882266 -0
-2.56224 11.4228 0.040377 0.45 0.2 -0.599664 0.800252 -0
-2.43597 11.4228 0.837612 0.4 0.2 -0.570315 0.800252 0.185306
-1.87746 11.7826 -0.575388 0.5 0.15 -0.447712 0.882266 -0.14547
-2.43597 11.4228 -0.756859 0.5 0.2 -0.570314 0.800252 -0.185307
-2.56224 11.4228 0.040377 0.45 0.2 -0.599664 0.800252 -0
-1.59443 11.7826 -1.13088 0.55 0.15 -0.380846 0.882266 -0.276701
-2.06952 11.4228 -1.47606 0.55 0.2 -0.485138 0.800252 -0.352474
-2.43597 11.4228 -0.756859 0.5 0.2 -0.570314 0.800252 -0.185307
-1.15359 11.7826 -1.57172 0.6 0.15 -0.276701 0.882266 -0.380846
-1.49877 11.4228 -2.04681 0.6 0.2 -0.352474 0.800252 -0.485138
-2.06952 11.4228 -1.47606 0.55 0.2 -0.485138 0.800252 -0.352474
-0.598099 11.7826 -1.85475 0.65 0.15 -0.14547 0.882266 -0.447712
-0.77957 11.4228 -2.41326 0.65 0.2 -0.185306 0.800252 -0.570315
-1.49877 11.4228 -2.04681 0.6 0.2 -0.352474 0.800252 -0.485138
0.017666 11.7826 -1.95228 0.7 0.15 0 0.882266 -0.470752
0.017666 11.4228 -2.53953 0.7 0.2 0 0.800252 -0.599664
-0.77957 11.4228 -2.41326 0.65 0.2 -0.185306 0.800252 -0.570315
0.63343 11.7826 -1.85475 0.75 0.15 0.14547 0.882266 -0.447712
0.814901 11.4228 -2.41326 0.75 0.2 0.185306 0.800252 -0.570315
0.017666 11.4228 -2.53953 0.7 0.2 0 0.800252 -0.599664
1.18892 11.7826 -1.57171 0.8 0.15 0.276701 0.882266 -0.380846
1.5341 11.4228 -2.04681 0.8 0.2 0.352474 0.800252 -0.485139
0.814901 11.4228 -2.41326 0.75 0.2 0.185306 0.800252 -0.570315
1.62976 11.7826 -1.13088 0.85 0.15 0.380846 0.882266 -0.276701
2.10486 11.4228 -1.47606 0.85 0.2 0.485139 0.800252 -0.352474
1.5341 11.4228 -2.04681 0.8 0.2 0.352474 0.800252 -0.485139
1.91279 11.7826 -0.575388 0.9 0.15 0.447712 0.882266 -0.145471
2.4713 11.4228 -0.756858 0.9 0.2 0.570315 0.800252 -0.185307
2.10486 11.4228 -1.47606 0.85 0.2 0.485139 0.800252 -0.352474
2.01032 11.7826 0.040377 0.95 0.15 0.470752 0.882266 -1e-006
2.59757 11.4228 0.040377 0.95 0.2 0.599664 0.800252 -1e-006
2.4713 11.4228 -0.756858 0.9 0.2 0.570315 0.800252 -0.185307
1.91279 11.7826 0.656142 1 0.15 0.447712 0.882266 0.14547
2.4713 11.4228 0.837613 1 0.2 0.570315 0.800252 0.185306
2.59757 11.4228 0.040377 0.95 0.2 0.599664 0.800252 -1e-006
1.11497 12.0462 0.837613 0.05 0.1 0.26987 0.942722 0.196072
1.62976 11.7826 1.21163 0.05 0.15 0.380846 0.882266 0.276701
1.91279 11.7826 0.656142 0 0.15 0.447712 0.882266 0.14547
0.814902 12.0462 1.13768 0.1 0.1 0.196072 0.942723 0.26987
1.18892 11.7826 1.65247 0.1 0.15 0.276701 0.882266 0.380846
1.62976 11.7826 1.21163 0.05 0.15 0.380846 0.882266 0.276701
0.436798 12.0462 1.33033 0.15 0.1 0.103081 0.942723 0.317251
0.633431 11.7826 1.93551 0.15 0.15 0.14547 0.882266 0.447711
1.18892 11.7826 1.65247 0.1 0.15 0.276701 0.882266 0.380846
0.017666 12.0462 1.39672 0.2 0.1 -0 0.942722 0.333578
0.017666 11.7826 2.03303 0.2 0.15 -0 0.882266 0.470752
0.633431 11.7826 1.93551 0.15 0.15 0.14547 0.882266 0.447711
-0.401466 12.0462 1.33033 0.25 0.1 -0.103081 0.942722 0.317252
-0.598099 11.7826 1.93551 0.25 0.15 -0.14547 0.882266 0.447712
0.017666 11.7826 2.03303 0.2 0.15 -0 0.882266 0.470752
-0.77957 12.0462 1.13768 0.3 0.1 -0.196072 0.942722 0.26987
-1.15359 11.7826 1.65247 0.3 0.15 -0.276701 0.882266 0.380846
-0.598099 11.7826 1.93551 0.25 0.15 -0.14547 0.882266 0.447712
-1.07964 12.0462 0.837612 0.35 0.1 -0.26987 0.942723 0.196072
-1.59443 11.7826 1.21163 0.35 0.15 -0.380846 0.882266 0.276701
-1.15359 11.7826 1.65247 0.3 0.15 -0.276701 0.882266 0.380846
-1.27229 12.0462 0.459508 0.4 0.1 -0.317252 0.942722 0.103081
-1.87746 11.7826 0.656141 0.4 0.15 -0.447712 0.882266 0.14547
-1.59443 11.7826 1.21163 0.35 0.15 -0.380846 0.882266 0.276701
-1.33867 12.0462 0.040377 0.45 0.1 -0.333578 0.942722 0
-1.97499 11.7826 0.040377 0.45 0.15 -0.470752 0.882266 -0
-1.87746 11.7826 0.656141 0.4 0.15 -0.447712 0.882266 0.14547
-1.27229 12.0462 -0.378755 0.5 0.1 -0.317252 0.942722 -0.103081
-1.87746 11.7826 -0.575388 0.5 0.15 -0.447712 0.882266 -0.14547
-1.97499 11.7826 0.040377 0.45 0.15 -0.470752 0.882266 -0
-1.07964 12.0462 -0.756859 0.55 0.1 -0.26987 0.942722 -0.196073
-1.59443 11.7826 -1.13088 0.55 0.15 -0.380846 0.882266 -0.276701
-1.87746 11.7826 -0.575388 0.5 0.15 -0.447712 0.882266 -0.14547
-0.77957 12.0462 -1.05692 0.6 0.1 -0.196072 0.942722 -0.26987
-1.15359 11.7826 -1.57172 0.6 0.15 -0.276701 0.882266 -0.380846
-1.59443 11.7826 -1.13088 0.55 0.15 -0.380846 0.882266 -0.276701
-0.401466 12.0462 -1.24958 0.65 0.1 -0.103081 0.942722 -0.317252
-0.598099 11.7826 -1.85475 0.65 0.15 -0.14547 0.882266 -0.447712
-1.15359 11.7826 -1.57172 0.6 0.15 -0.276701 0.882266 -0.380846
0.017666 12.0462 -1.31596 0.7 0.1 0 0.942722 -0.333578
0.017666 11.7826 -1.95228 0.7 0.15 0 0.882266 -0.470752
-0.598099 11.7826 -1.85475 0.65 0.15 -0.14547 0.882266 -0.447712
0.436797 12.0462 -1.24958 0.75 0.1 0.103081 0.942722 -0.317252
0.63343 11.7826 -1.85475 0.75 0.15 0.14547 0.882266 -0.447712
0.017666 11.7826 -1.95228 0.7 0.15 0 0.882266 -0.470752
0.814901 12.0462 -1.05692 0.8 0.1 0.196072 0.942722 -0.26987
1.18892 11.7826 -1.57171 0.8 0.15 0.276701 0.882266 -0.380846
0.63343 11.7826 -1.85475 0.75 0.15 0.14547 0.882266 -0.447712
1.11497 12.0462 -0.756859 0.85 0.1 0.26987 0.942722 -0.196072
1.62976 11.7826 -1.13088 0.85 0.15 0.380846 0.882266 -0.276701
1.18892 11.7826 -1.57171 0.8 0.15 0.276701 0.882266 -0.380846
1.30762 12.0462 -0.378755 0.9 0.1 0.317252 0.942722 -0.103081
1.91279 11.7826 -0.575388 0.9 0.15 0.447712 0.882266 -0.145471
1.62976 11.7826 -1.13088 0.85 0.15 0.380846 0.882266 -0.276701
1.374 12.0462 0.040377 0.95 0.1 0.333578 0.942722 -0
2.01032 11.7826 0.040377 0.95 0.15 0.470752 0.882266 -1e-006
1.91279 11.7826 -0.575388 0.9 0.15 0.447712 0.882266 -0.145471
1.30762 12.0462 0.459508 1 0.1 0.317252 0.942722 0.103081
1.91279 11.7826 0.656142 1 0.15 0.447712 0.882266 0.14547
2.01032 11.7826 0.040377 0.95 0.15 0.470752 0.882266 -1e-006
0.573155 12.207 0.443963 0.05 0.05 0.162096 0.979722 0.117769
1.11497 12.0462 0.837613 0.05 0.1 0.26987 0.942722 0.196072
1.30762 12.0462 0.459508 0 0.1 0.317252 0.942722 0.103081
0.421253 12.207 0.595866 0.1 0.05 0.117769 0.979722 0.162095
0.814902 12.0462 1.13768 0.1 0.1 0.196072 0.942723 0.26987
1.11497 12.0462 0.837613 0.05 0.1 0.26987 0.942722 0.196072
0.229844 12.207 0.693394 0.15 0.05 0.061915 0.979722 0.190555
0.436798 12.0462 1.33033 0.15 0.1 0.103081 0.942723 0.317251
0.814902 12.0462 1.13768 0.1 0.1 0.196072 0.942723 0.26987
0.017666 12.207 0.726999 0.2 0.05 -0 0.979722 0.200361
0.017666 12.0462 1.39672 0.2 0.1 -0 0.942722 0.333578
0.436798 12.0462 1.33033 0.15 0.1 0.103081 0.942723 0.317251
-0.194512 12.207 0.693394 0.25 0.05 -0.061915 0.979722 0.190555
-0.401466 12.0462 1.33033 0.25 0.1 -0.103081 0.942722 0.317252
0.017666 12.0462 1.39672 0.2 0.1 -0 0.942722 0.333578
-0.385921 12.207 0.595866 0.3 0.05 -0.11777 0.979722 0.162096
-0.77957 12.0462 1.13768 0.3 0.1 -0.196072 0.942722 0.26987
-0.401466 12.0462 1.33033 0.25 0.1 -0.103081 0.942722 0.317252
-0.537823 12.207 0.443963 0.35 0.05 -0.162096 0.979722 0.117769
-1.07964 12.0462 0.837612 0.35 0.1 -0.26987 0.942723 0.196072
-0.77957 12.0462 1.13768 0.3 0.1 -0.196072 0.942722 0.26987
-0.635351 12.207 0.252555 0.4 0.05 -0.190555 0.979722 0.061915
-1.27229 12.0462 0.459508 0.4 0.1 -0.317252 0.942722 0.103081
-1.07964 12.0462 0.837612 0.35 0.1 -0.26987 0.942723 0.196072
-0.668957 12.207 0.040377 0.45 0.05 -0.200361 0.979722 0
-1.33867 12.0462 0.040377 0.45 0.1 -0.333578 0.942722 0
-1.27229 12.0462 0.459508 0.4 0.1 -0.317252 0.942722 0.103081
-0.635351 12.207 -0.171801 0.5 0.05 -0.190555 0.979722 -0.061915
-1.27229 12.0462 -0.378755 0.5 0.1 -0.317252 0.942722 -0.103081
-1.33867 12.0462 0.040377 0.45 0.1 -0.333578 0.942722 0
-0.537823 12.207 -0.36321 0.55 0.05 -0.162096 0.979722 -0.117769
-1.07964 12.0462 -0.756859 0.55 0.1 -0.26987 0.942722 -0.196073
-1.27229 12.0462 -0.378755 0.5 0.1 -0.317252 0.942722 -0.103081
-0.385921 12.207 -0.515112 0.6 0.05 -0.11777 0.979722 -0.162096
-0.77957 12.0462 -1.05692 0.6 0.1 -0.196072 0.942722 -0.26987
-1.07964 12.0462 -0.756859 0.55 0.1 -0.26987 0.942722 -0.196073
-0.194512 12.207 -0.61264 0.65 0.05 -0.061915 0.979722 -0.190555
-0.401466 12.0462 -1.24958 0.65 0.1 -0.103081 0.942722 -0.317252
-0.77957 12.0462 -1.05692 0.6 0.1 -0.196072 0.942722 -0.26987
0.017666 12.207 -0.646246 0.7 0.05 0 0.979722 -0.200362
0.017666 12.0462 -1.31596 0.7 0.1 0 0.942722 -0.333578
-0.401466 12.0462 -1.24958 0.65 0.1 -0.103081 0.942722 -0.317252
0.229844 12.207 -0.61264 0.75 0.05 0.061915 0.979722 -0.190555
0.436797 12.0462 -1.24958 0.75 0.1 0.103081 0.942722 -0.317252
0.017666 12.0462 -1.31596 0.7 0.1 0 0.942722 -0.333578
0.421252 12.207 -0.515112 0.8 0.05 0.11777 0.979722 -0.162096
0.814901 12.0462 -1.05692 0.8 0.1 0.196072 0.942722 -0.26987
0.436797 12.0462 -1.24958 0.75 0.1 0.103081 0.942722 -0.317252
0.573155 12.207 -0.36321 0.85 0.05 0.162096 0.979722 -0.117769
1.11497 12.0462 -0.756859 0.85 0.1 0.26987 0.942722 -0.196072
0.814901 12.0462 -1.05692 0.8 0.1 0.196072 0.942722 -0.26987
0.670683 12.207 -0.171801 0.9 0.05 0.190555 0.979722 -0.061915
1.30762 12.0462 -0.378755 0.9 0.1 0.317252 0.942722 -0.103081
1.11497 12.0462 -0.756859 0.85 0.1 0.26987 0.942722 -0.196072
0.704288 12.207 0.040377 0.95 0.05 0.200361 0.979722 0
1.374 12.0462 0.040377 0.95 0.1 0.333578 0.942722 -0
1.30762 12.0462 -0.378755 0.9 0.1 0.317252 0.942722 -0.103081
0.670683 12.207 0.252555 1 0.05 0.190555 0.979722 0.061915
1.30762 12.0462 0.459508 1 0.1 0.317252 0.942722 0.103081
1.374 12.0462 0.040377 0.95 0.1 0.333578 0.942722 -0
0.017666 3.48262 0.040377 0.025 1 0 -1 0
0.670683 3.53665 0.252555 0 0.95 0.190555 -0.979722 0.061915
0.573155 3.53665 0.443963 0.05 0.95 0.162096 -0.979722 0.117769
0.017666 3.48262 0.040377 0.075 1 0 -1 0
0.573155 3.53665 0.443963 0.05 0.95 0.162096 -0.979722 0.117769
0.421253 3.53665 0.595866 0.1 0.95 0.117769 -0.979722 0.162096
0.017666 3.48262 0.040377 0.125 1 0 -1 0
0.421253 3.53665 0.595866 0.1 0.95 0.117769 -0.979722 0.162096
0.229844 3.53665 0.693394 0.15 0.95 0.061915 -0.979722 0.190555
0.017666 3.48262 0.040377 0.175 1 0 -1 0
0.229844 3.53665 0.693394 0.15 0.95 0.061915 -0.979722 0.190555
0.017666 3.53665 0.726999 0.2 0.95 -0 -0.979722 0.200361
0.017666 3.48262 0.040377 0.225 1 0 -1 0
0.017666 3.53665 0.726999 0.2 0.95 -0 -0.979722 0.200361
-0.194512 3.53665 0.693394 0.25 0.95 -0.061915 -0.979722 0.190555
0.017666 3.48262 0.040377 0.275 1 0 -1 0
-0.194512 3.53665 0.693394 0.25 0.95 -0.061915 -0.979722 0.190555
-0.385921 3.53665 0.595866 0.3 0.95 -0.11777 -0.979722 0.162096
0.017666 3.48262 0.040377 0.325 1 0 -1 0
-0.385921 3.53665 0.595866 0.3 0.95 -0.11777 -0.979722 0.162096
-0.537823 3.53665 0.443963 0.35 0.95 -0.162096 -0.979722 0.11777
0.017666 3.48262 0.040377 0.375 1 0 -1 0
-0.537823 3.53665 0.443963 0.35 0.95 -0.162096 -0.979722 0.11777
-0.635351 3.53665 0.252555 0.4 0.95 -0.190555 -0.979722 0.061915
0.017666 3.48262 0.040377 0.425 1 0 -1 0
-0.635351 3.53665 0.252555 0.4 0.95 -0.190555 -0.979722 0.061915
-0.668957 3.53665 0.040377 0.45 0.95 -0.200361 -0.979722 -0
0.017666 3.48262 0.040377 0.475 1 0 -1 0
-0.668957 3.53665 0.040377 0.45 0.95 -0.200361 -0.979722 -0
-0.635351 3.53665 -0.171801 0.5 0.95 -0.190555 -0.979722 -0.061915
0.017666 3.48262 0.040377 0.525 1 0 -1 0
-0.635351 3.53665 -0.171801 0.5 0.95 -0.190555 -0.979722 -0.061915
-0.537823 3.53665 -0.36321 0.55 0.95 -0.162096 -0.979722 -0.117769
0.017666 3.48262 0.040377 0.575 1 0 -1 0
-0.537823 3.53665 -0.36321 0.55 0.95 -0.162096 -0.979722 -0.117769
-0.385921 3.53665 -0.515112 0.6 0.95 -0.11777 -0.979722 -0.162096
0.017666 3.48262 0.040377 0.625 1 0 -1 0
-0.385921 3.53665 -0.515112 0.6 0.95 -0.11777 -0.979722 -0.162096
-0.194512 3.53665 -0.61264 0.65 0.95 -0.061915 -0.979722 -0.190555
0.017666 3.48262 0.040377 0.675 1 0 -1 0
-0.194512 3.53665 -0.61264 0.65 0.95 -0.061915 -0.979722 -0.190555
0.017666 3.53665 -0.646246 0.7 0.95 0 -0.979722 -0.200362
0.017666 3.48262 0.040377 0.725 1 0 -1 0
0.017666 3.53665 -0.646246 0.7 0.95 0 -0.979722 -0.200362
0.229844 3.53665 -0.61264 0.75 0.95 0.061915 -0.979722 -0.190555
0.017666 3.48262 0.040377 0.775 1 0 -1 0
0.229844 3.53665 -0.61264 0.75 0.95 0.061915 -0.979722 -0.190555
0.421252 3.53665 -0.515112 0.8 0.95 0.11777 -0.979722 -0.162096
0.017666 3.48262 0.040377 0.825 1 0 -1 0
0.421252 3.53665 -0.515112 0.8 0.95 0.11777 -0.979722 -0.162096
0.573155 3.53665 -0.36321 0.85 0.95 0.162096 -0.979722 -0.117769
0.017666 3.48262 0.040377 0.875 1 0 -1 0
0.573155 3.53665 -0.36321 0.85 0.95 0.162096 -0.979722 -0.117769
0.670683 3.53665 -0.171801 0.9 0.95 0.190555 -0.979722 -0.061915
0.017666 3.48262 0.040377 0.925 1 0 -1 0
0.670683 3.53665 -0.171801 0.9 0.95 0.190555 -0.979722 -0.061915
0.704288 3.53665 0.040377 0.95 0.95 0.200361 -0.979722 0
0.017666 3.48262 0.040377 0.975 1 0 -1 0
0.704288 3.53665 0.040377 0.95 0.95 0.200361 -0.979722 0
0.670683 3.53665 0.252555 1 0.95 0.190555 -0.979722 0.061915
0.017666 12.261 0.040377 0.025 0 0 1 -0
0.573155 12.207 0.443963 0.05 0.05 0.162096 0.979722 0.117769
0.670683 12.207 0.252555 0 0.05 0.190555 0.979722 0.061915
0.017666 12.261 0.040377 0.075 0 0 1 -0
0.421253 12.207 0.595866 0.1 0.05 0.117769 0.979722 0.162095
0.573155 12.207 0.443963 0.05 0.05 0.162096 0.979722 0.117769
0.017666 12.261 0.040377 0.125 0 0 1 -0
0.229844 12.207 0.693394 0.15 0.05 0.061915 0.979722 0.190555
0.421253 12.207 0.595866 0.1 0.05 0.117769 0.979722 0.162095
0.017666 12.261 0.040377 0.175 0 0 1 -0
0.017666 12.207 0.726999 0.2 0.05 -0 0.979722 0.200361
0.229844 12.207 0.693394 0.15 0.05 0.061915 0.979722 0.190555
0.017666 12.261 0.040377 0.225 0 0 1 -0
-0.194512 12.207 0.693394 0.25 0.05 -0.061915 0.979722 0.190555
0.017666 12.207 0.726999 0.2 0.05 -0 0.979722 0.200361
0.017666 12.261 0.040377 0.275 0 0 1 -0
-0.385921 12.207 0.595866 0.3 0.05 -0.11777 0.979722 0.162096
-0.194512 12.207 0.693394 0.25 0.05 -0.061915 0.979722 0.190555
0.017666 12.261 0.040377 0.325 0 0 1 -0
-0.537823 12.207 0.443963 0.35 0.05 -0.162096 0.979722 0.117769
-0.385921 12.207 0.595866 0.3 0.05 -0.11777 0.979722 0.162096
0.017666 12.261 0.040377 0.375 0 0 1 -0
-0.635351 12.207 0.252555 0.4 0.05 -0.190555 0.979722 0.061915
-0.537823 12.207 0.443963 0.35 0.05 -0.162096 0.979722 0.117769
0.017666 12.261 0.040377 0.425 0 0 1 -0
-0.668957 12.207 0.040377 0.45 0.05 -0.200361 0.979722 0
-0.635351 12.207 0.252555 0.4 0.05 -0.190555 0.979722 0.061915
0.017666 12.261 0.040377 0.475 0 0 1 -0
-0.635351 12.207 -0.171801 0.5 0.05 -0.190555 0.979722 -0.061915
-0.668957 12.207 0.040377 0.45 0.05 -0.200361 0.979722 0
0.017666 12.261 0.040377 0.525 0 0 1 -0
-0.537823 12.207 -0.36321 0.55 0.05 -0.162096 0.979722 -0.117769
-0.635351 12.207 -0.171801 0.5 0.05 -0.190555 0.979722 -0.061915
0.017666 12.261 0.040377 0.575 0 0 1 -0
-0.385921 12.207 -0.515112 0.6 0.05 -0.11777 0.979722 -0.162096
-0.537823 12.207 -0.36321 0.55 0.05 -0.162096 0.979722 -0.117769
0.017666 12.261 0.040377 0.625 0 0 1 -0
-0.194512 12.207 -0.61264 0.65 0.05 -0.061915 0.979722 -0.190555
-0.385921 12.207 -0.515112 0.6 0.05 -0.11777 0.979722 -0.162096
0.017666 12.261 0.040377 0.675 0 0 1 -0
0.017666 12.207 -0.646246 0.7 0.05 0 0.979722 -0.200362
-0.194512 12.207 -0.61264 0.65 0.05 -0.061915 0.979722 -0.190555
0.017666 12.261 0.040377 0.725 0 0 1 -0
0.229844 12.207 -0.61264 0.75 0.05 0.061915 0.979722 -0.190555
0.017666 12.207 -0.646246 0.7 0.05 0 0.979722 -0.200362
0.017666 12.261 0.040377 0.775 0 0 1 -0
0.421252 12.207 -0.515112 0.8 0.05 0.11777 0.979722 -0.162096
0.229844 12.207 -0.61264 0.75 0.05 0.061915 0.979722 -0.190555
0.017666 12.261 0.040377 0.825 0 0 1 -0
0.573155 12.207 -0.36321 0.85 0.05 0.162096 0.979722 -0.117769
0.421252 12.207 -0.515112 0.8 0.05 0.11777 0.979722 -0.162096
0.017666 12.261 0.040377 0.875 0 0 1 -0
0.670683 12.207 -0.171801 0.9 0.05 0.190555 0.979722 -0.061915
0.573155 12.207 -0.36321 0.85 0.05 0.162096 0.979722 -0.117769
0.017666 12.261 0.040377 0.925 0 0 1 -0
0.704288 12.207 0.040377 0.95 0.05 0.200361 0.979722 0
0.670683 12.207 -0.171801 0.9 0.05 0.190555 0.979722 -0.061915
0.017666 12.261 0.040377 0.975 0 0 1 -0
0.670683 12.207 0.252555 1 0.05 0.190555 0.979722 0.061915
0.704288 12.207 0.040377 0.95 0.05 0.200361 0.979722 0
